1156.6289999999999
1154.2139999999999
1158.9100000000001
1164.127
1157.2760000000001
1149.7080000000001
1151.7929999999999
1153.489
1160.492
1152.848
1145.5429999999999
1150.0029999999999
1143.7539999999999
1156.325
1159.6780000000001
1153.9380000000001
1152.9690000000001
1153.329
1158.4110000000001
1152.3800000000001
1157.4369999999999
1155.7629999999999
1150.326
1145.4690000000001
1145.4929999999999
1152.23
1150.8140000000001
1147.6579999999999
1145.338
1146.5709999999999
1151.2660000000001
1145.546
1145.152
1139.011
1144.4949999999999
1153.4649999999999
1142.4369999999999
1146.876
1136.163
1139.72
1143.7739999999999
1137.357
1134.9200000000001
1126.6780000000001
1135.991
1131.4390000000001
1140.2929999999999
1136.2529999999999
1130.154
1141.3150000000001
1147.6510000000001
1139.2190000000001
1130.8720000000001
1142.058
1137.0050000000001
1138.557
1133.3679999999999
1128.8440000000001
1132.4880000000001
1135.4179999999999
1143.559
1137.55
1136.02
1143.0350000000001
1142.4680000000001
1145.1590000000001
1133.3710000000001
1132.5340000000001
1139.5920000000001
1142.4079999999999
1139.6579999999999
1137.3499999999999
1138.3869999999999
1144.55
1149.652
1144.3409999999999
1133.547
1138.2739999999999
1139.8430000000001
1144.7529999999999
1138.442
1130.4780000000001
1136.3219999999999
1138.95
1141.7339999999999
1135.0440000000001
1136.681
1142.3689999999999
1146.9590000000001
1138.4159999999999
1137.6990000000001
1136.943
1140.5309999999999
1130.54
1140.98
1135.74
1140.702
1133.4680000000001
1133.8040000000001
1140.7539999999999
1137.0060000000001
1138.1769999999999
1135.6559999999999
1146.9749999999999
1145.9690000000001
1143.809
1137.7139999999999
1146.5360000000001
1142.5360000000001
1132.9300000000001
1139.809
1136.2929999999999
1142.5530000000001
1139.258
1134.2349999999999
1124.232
1131.0730000000001
1136.8720000000001
1123.0519999999999
1129.385
1126.172
1139.125
1129.1469999999999
1133.703
1134.806
1138.8579999999999
1128.6990000000001
1131.6510000000001
1136.125
1143.4010000000001
1133.3109999999999
1127.8699999999999
1132.6020000000001
1131.6880000000001
1138.4269999999999
1129.8489999999999
1135.0650000000001
1141.616
1138.2539999999999
1130.979
1139.9690000000001
1136.5250000000001
1129.145
1125.5630000000001
1135.7059999999999
1138.366
1136.5820000000001
1127.376
1127.9369999999999
1122.0709999999999
1133.671
1128.3969999999999
1122.6559999999999
1128.799
1130.039
1134.6669999999999
1127.1120000000001
1120.6469999999999
1127.867
1127.7650000000001
1134.336
1128.2070000000001
1120.9359999999999
1130.1510000000001
1126.796
1131.827
1124.7560000000001
1124.451
1129.28
1132.6880000000001
1132.037
1122.3340000000001
1122.616
1120.797
1128.5440000000001
1128.9359999999999
1119.6410000000001
1124.5119999999999
1125.1130000000001
1130.5630000000001
1123.912
1122.259
1127.5650000000001
1132.415
1133.432
1127.1320000000001
1127.856
1127.3050000000001
1131.7850000000001
1137.2270000000001
1127.721
1130.3050000000001
1134.231
1136.075
1135.4829999999999
1124.953
1131.0650000000001
1130.0719999999999
1137.6559999999999
1135.654
1125.874
1133.442
1136.1369999999999
1139.3920000000001
1132.4570000000001
1127.172
1133.6900000000001
1126.845
1136.492
1125.6990000000001
1134.5160000000001
1127.098
1139.1790000000001
1132.2180000000001
1129.191
1128.9570000000001
1133.4870000000001
1127.3209999999999
1118.6759999999999
1133.4269999999999
1127.5989999999999
1124.1510000000001
1121.172
1130.6679999999999
1128.1479999999999
1124.1210000000001
1119.683
1123.922
1127.423
1122.4680000000001
1120.6379999999999
1126.3019999999999
1127.501
1115.557
1121.338
1126.5840000000001
1118.8130000000001
1116.453
1124.9649999999999
1123.076
1127.5319999999999
1115.623
1126.6099999999999
1125.3140000000001
1130.6790000000001
1118.539
1130.5229999999999
1128.8489999999999
1123.299
1119.5340000000001
1122.355
1127.2950000000001
1119.528
1122.279
1125.2529999999999
1130.3009999999999
1121.0799999999999
1120.125
1121.943
1126.162
1117.9390000000001
1122.8579999999999
1123.7449999999999
1128.7670000000001
1119.258
1117.704
1125.6389999999999
1121.1030000000001
1120.0909999999999
1119.0319999999999
1129.721
1122.787
1122.4300000000001
1117.1220000000001
1124.9059999999999
1111.396
1113.963
1113.421
1122.48
1112.6579999999999
1113.606
1112.944
1120.3699999999999
1114.0360000000001
1113.1569999999999
1124.252
1118.789
1119.9659999999999
1112.884
1125.5050000000001
1127.8230000000001
1122.761
1118.625
1125.0889999999999
1129.5029999999999
1125.3240000000001
1117.249
1120.539
1125.818
1116.585
1122.693
1123.0150000000001
1127.002
1118.319
1114.171
1121.7529999999999
1121.462
1123.606
1116.047
1121.4369999999999
1125.2049999999999
1128.604
1120.0889999999999
1115.1600000000001
1120.7639999999999
1119.867
1127.357
1120.615
1119.105
1124.0070000000001
1127.5029999999999
1130.1469999999999
1116.95
1120.29
1120.1479999999999
1123.702
1119.0799999999999
1112.817
1120.126
1117.7570000000001
1123.9190000000001
1118.9090000000001
1114.864
1121.2670000000001
1120.3630000000001
1125.5809999999999
1123.05
1115.5909999999999
1122.479
1118.0309999999999
1123.309
1128.4680000000001
1120.425
1122.6220000000001
1113.528
1123.7380000000001
1126.453
1117.2249999999999
1116.155
1110.482
1115.3150000000001
1121.0650000000001
1116.925
1117.335
1109.431
1119.9169999999999
1120.1110000000001
1112.277
1113.9269999999999
1106.059
1111.8150000000001
1115.9680000000001
1121.548
1118.586
1112.482
1125.722
1121.318
1124.028
1115.4690000000001
1112.652
1120.481
1118.165
1117.008
1114.73
1104.9680000000001
1121.806
1116.6980000000001
1121.8620000000001
1118.7570000000001
1117.4169999999999
1122.2260000000001
1128.4480000000001
1125.5360000000001
1115.5609999999999
1115.8589999999999
1118.0889999999999
1123.884
1124.2819999999999
1111.066
1117.703
1117.3399999999999
1126.6130000000001
1119.796
1118.0530000000001
1122.1030000000001
1125.0509999999999
1122.2439999999999
1117.836
1122.9580000000001
1120.2260000000001
1122.002
1111.864
1105.646
1113.761
1111.692
1115.3019999999999
1108.848
1118.2850000000001
1118.7239999999999
1116.5920000000001
1109.875
1117.299
1120.3430000000001
1113.175
1113.509
1115.1500000000001
1124.798
1117.3030000000001
1116.748
1110.249
1121.29
1116.2809999999999
1109.5029999999999
1116.085
1120.671
1120.8920000000001
1114.9659999999999
1125.088
1117.605
1122.3900000000001
1112.8820000000001
1121.039
1120.857
1124.72
1114.018
1116.7750000000001
1124.4970000000001
1119.415
1116.9069999999999
1122.5419999999999
1122.4639999999999
1110.9290000000001
1119.0050000000001
1118.058
1119.3
1109.5350000000001
1106.7919999999999
1110.4459999999999
1099.867
1109.499
1106.7439999999999
1108.8399999999999
1100.864
1111.2570000000001
1108.8699999999999
1106.4659999999999
1101.3440000000001
1109.289
1115.297
1100.8800000000001
1108.75
1113.172
1114.2470000000001
1099.0319999999999
1101.7860000000001
1102.8219999999999
1106.7670000000001
1101.5630000000001
1106.4069999999999
1113.954
1109.5609999999999
1108.788
1112.5999999999999
1102.8679999999999
1102.9449999999999
1093.7049999999999
1105.511
1101.3
1107.364
1097.7449999999999
1110.395
1106.085
1105.645
1106.777
1114.1500000000001
1108.5540000000001
1101.521
1113.4739999999999
1112.4490000000001
1101.327
1106.971
1108.481
1112.3130000000001
1105.8399999999999
1113.5029999999999
1116.9190000000001
1126.482
1131.615
1127.085
1126.874
1120.079
1130.857
1133.9390000000001
1125.2639999999999
1129.7750000000001
1123.827
1135.1479999999999
1131.4259999999999
1117.443
1131.2650000000001
1127.8889999999999
1122.4459999999999
1125.9849999999999
1124.549
1129.307
1119.7760000000001
1121.7819999999999
1118.27
1124.6079999999999
1123.3230000000001
1121.1099999999999
1130.25
1124.163
1124.421
1121.0820000000001
1113.318
1120.992
1127.5119999999999
1122.7349999999999
1123.3099999999999
1113.3
1121.857
1116.6099999999999
1113.4939999999999
1106.6769999999999
1115.4359999999999
1117.5039999999999
1109.9829999999999
1275.395
1494.808
1533.5419999999999
1592.4649999999999
1617.95
1634.0360000000001
1625.5820000000001
1602.9190000000001
1604.742
1597.8620000000001
1597.876
1577.8699999999999
1411.271
1114.2329999999999
1112.1859999999999
1120.018
1110.2249999999999
1110.4860000000001
1106.634
1112.3869999999999
1101.8050000000001
1108.154
1105.692
1121.222
1113.47
1119.7
1124.2550000000001
1116.7080000000001
1112.6559999999999
1121.8019999999999
1115.4659999999999
1121.5360000000001
1115.9290000000001
1118.825
1121.4300000000001
1127.771
1124.8399999999999
1114.4169999999999
1119.6980000000001
1123.1990000000001
1128.9860000000001
1123.8219999999999
1124.8140000000001
1128.789
1125.96
1120.5350000000001
1120.085
1130.4480000000001
1125.077
1123.5350000000001
1115.1389999999999
1120.9349999999999
1124.6110000000001
1114.8610000000001
1112.6780000000001
1124.0630000000001
1119.433
1114.3489999999999
1105.9659999999999
1117.3299999999999
1117.0119999999999
1110.528
1116.135
1114.9939999999999
1107.8630000000001
1111.548
1111.8130000000001
1120.248
1111.144
1109.6489999999999
1114.771
1117.777
1120.143
1106.5050000000001
1119.4839999999999
1119.8900000000001
1109.6990000000001
1121.796
1112.0920000000001
1113.155
1116.327
1112.9480000000001
1113.318
1107.3019999999999
1119.9580000000001
1118.2809999999999
1107.518
1111.7560000000001
1115.3099999999999
1115.153
1104.9760000000001
1105.038
1114.463
1120.518
1122.3109999999999
1108.875
1114.5250000000001
1115.0650000000001
1105.7929999999999
1118.3720000000001
1115.5219999999999
1120.1780000000001
1113.645
1119.2909999999999
1115.2560000000001
1117.604
1106.242
1117.0429999999999
1114.6559999999999
1124.377
1115.7660000000001
1122.326
1126.1279999999999
1121.577
1122.5519999999999
1119.8530000000001
1129.2760000000001
1128.163
1127.165
1125.3920000000001
1124.8820000000001
1130.3579999999999
1131.239
1122.819
1120.7639999999999
1127.52
1123.308
1122.2829999999999
1112.681
1116.4369999999999
1126.106
1121.9390000000001
1124.4090000000001
1119.952
1114.3399999999999
1116.1969999999999
1119.1759999999999
1124.068
1121.3610000000001
1113.873
1117.202
1122.0239999999999
1124.9939999999999
1117.8230000000001
1106.2280000000001
1113.317
1115.421
1113.885
1106.876
1100.643
1104.509
1113.7460000000001
1113.502
1105.001
1099.6890000000001
1106.454
1110.4580000000001
1113.6389999999999
1102.6700000000001
1104.1410000000001
1101.222
1111.165
1105.221
1102.7639999999999
1107.8489999999999
1113.317
1102.7470000000001
1112.78
1108.2260000000001
1110.54
1098.7339999999999
1105.6980000000001
1102.3889999999999
1106.26
1094.9639999999999
1102.4929999999999
1097.268
1104.896
1098.894
1098.8389999999999
1106.2660000000001
1099.9549999999999
1099.117
1097.9839999999999
1107.923
1104.4449999999999
1105.046
1099.72
1102.252
1096.1099999999999
1091.837
1103.9110000000001
1100.8779999999999
1095.7560000000001
1102.623
1108.4929999999999
1099.0740000000001
1106.4369999999999
1099.3399999999999
1098.002
1093.2049999999999
1103.212
1097.99
1096.1120000000001
1093.8140000000001
1100.769
1098.817
1099.413
1095.2170000000001
1107.518
1104.5820000000001
1099.876
1105.1420000000001
1107.367
1107.604
1096.76
1115.1400000000001
1119.386
1122.287
1112.8389999999999
1123.825
1114.9280000000001
1108.337
1119.5519999999999
1116.9300000000001
1114.335
1108.7819999999999
1120.9939999999999
1116.9480000000001
1109.7159999999999
1116.367
1117.124
1120.115
1107.546
1110.01
1118.066
1107.932
1105.296
1111.797
1118.463
1119.308
1112.836
1119.346
1118.741
1123.9449999999999
1117.3230000000001
1115.3699999999999
1125.5350000000001
1116.6769999999999
1115.145
1109.376
1253.444
1485.0029999999999
1529.1310000000001
1581.249
1617.2249999999999
1611.7070000000001
1608.0619999999999
1594.442
1595.7570000000001
1584.5899999999999
1566.7809999999999
1578.634
1433.7660000000001
1117.9349999999999
1110.424
1110.5999999999999
1112.664
1116.8900000000001
1110.8779999999999
1099.076
1109.3979999999999
1107.6659999999999
1111.3130000000001
1104.134
1104.1099999999999
1107.338
1109.73
1115.2560000000001
1108.8420000000001
1101.6900000000001
1111.114
1115.5029999999999
1118.6410000000001
1111.172
1102.116
1109.982
1108.1099999999999
1110.6890000000001
1116.354
1110.5530000000001
1115.079
1105.296
1107.6369999999999
1115.557
1115.309
1114.827
1108.5709999999999
1116.231
1114.1110000000001
1117.7829999999999
1110.5160000000001
1115.0340000000001
1115.1079999999999
1117.779
1113.511
1112.3800000000001
1110.7819999999999
1114.1020000000001
1116.8030000000001
1108.682
1106.873
1111.664
1116.5719999999999
1114.3869999999999
1109.6500000000001
1101.712
1107.3430000000001
1101.7940000000001
1107.2619999999999
1103.663
1105.5219999999999
1105.3
1118.4870000000001
1113.5329999999999
1114.1410000000001
1107.4770000000001
1114.1020000000001
1119.472
1113.4300000000001
1112.25
1105.259
1116.51
1111.934
1111.796
1108.684
1109.298
1112.8140000000001
1107.48
1097.4090000000001
1107.1389999999999
1111.212
1105.5219999999999
1106.375
1110.2650000000001
1106.7719999999999
1098.2249999999999
1103.5920000000001
1108.2249999999999
1107.085
1099.296
1107.5
1108.336
1112.3920000000001
1102.51
1104.8240000000001
1105.4449999999999
1111.953
1103.722
1105.761
1114.059
1108.097
1104.585
1104.1110000000001
1113.1469999999999
1105.893
1109.481
1104.309
1113.53
1111.0920000000001
1106.194
1097.422
1107.8389999999999
1106.4010000000001
1096.8440000000001
1103.604
1109.3710000000001
1109.327
1100.0550000000001
1107.2919999999999
1108.809
1113.691
1104.135
1112.4169999999999
1106.058
1109.223
1098.636
1104.011
1115.463
1107.752
1106.8019999999999
1105.1659999999999
1113.7470000000001
1112.943
1106.4179999999999
1093.6130000000001
1104.4749999999999
1095.385
1078.8440000000001
1086.692
1091.376
1094.134
1084.8520000000001
1094.8009999999999
1097.7449999999999
1094.434
1087.4059999999999
1103.3689999999999
1105.6949999999999
1104.6900000000001
1098.4069999999999
1107.722
1103.5519999999999
1101.508
1093.5599999999999
1101.0899999999999
1102.537
1101.0640000000001
1094.8320000000001
1102.54
1109.9490000000001
1101.9659999999999
1099.9949999999999
1094.318
1102.174
1089.9939999999999
1097.671
1098.8599999999999
1102.124
1093.413
1097.421
1100.433
1105.2
1099.4570000000001
1116.078
1113.934
1117.24
1105.1089999999999
1109.114
1111.442
1105.261
1096.7159999999999
1100.8320000000001
1107.0170000000001
1095.7940000000001
1099.914
1098.6880000000001
1103.009
1102.778
1097.3720000000001
1109.2539999999999
1111.9380000000001
1102.076
1108.3389999999999
1116.0440000000001
1110.943
1105.8119999999999
1334.3510000000001
1504.9079999999999
1569.3109999999999
1595.9259999999999
1626.9670000000001
1622.876
1621.453
1599.0699999999999
1591.027
1586.9649999999999
1590.8679999999999
1580.8099999999999
1249.9690000000001
1102.856
1109.2729999999999
1111.421
1113.5229999999999
1105.7360000000001
1101.8050000000001
1102.963
1106.2470000000001
1107.579
1097.635
1102.6099999999999
1105.4659999999999
1108.627
1104.6199999999999
1096.702
1105.1089999999999
1102.287
1111.8050000000001
1114.684
1106.54
1113.0440000000001
1107.9570000000001
1113.6020000000001
1106.4359999999999
1099.1510000000001
1105.0709999999999
1099.566
1111.4190000000001
1113.9179999999999
1107.4749999999999
1105.269
1097.1980000000001
1102.7729999999999
1110.471
1109.547
1117.6790000000001
1118.557
1109.7650000000001
1118.646
1120.788
1123.6849999999999
1117.9960000000001
1113.462
1114.0840000000001
1111.068
1112.3209999999999
1106.2429999999999
1106.701
1105.9849999999999
1105.5730000000001
1113.4870000000001
1114.3199999999999
1121.5699999999999
1114.944
1105.508
1114.9849999999999
1111.2149999999999
1112.9580000000001
1109.123
1104.7080000000001
1113.4929999999999
1112.242
1119.6579999999999
1113.1800000000001
1107.299
1114.6089999999999
1111.5940000000001
1117.7249999999999
1119.501
1108.5050000000001
1104.6199999999999
1115.3599999999999
1113.3789999999999
1106.117
1111.568
1111.6869999999999
1117.306
1116.8979999999999
1113.367
1106.4290000000001
1098.403
1113.8199999999999
1098.96
1086.9739999999999
1091.7570000000001
1097.894
1089.769
1090.838
1086.7470000000001
1092.546
1095.8140000000001
1102.682
1097.4190000000001
1089.866
1101.5699999999999
1095.498
1096.7139999999999
1090.8520000000001
1099.491
1095.403
1096.5170000000001
1089.0830000000001
1098.8920000000001
1102.8409999999999
1096.9079999999999
1099.261
1090.2550000000001
1099.165
1093.4580000000001
1095.155
1090.3800000000001
1093.7670000000001
1102.24
1099.847
1086.4200000000001
1095.7929999999999
1098.9739999999999
1096.9749999999999
1090.684
1099.145
1094.7819999999999
1090.671
1098.6210000000001
1102.702
1109.499
1115.068
1122.047
1111.828
1111.723
1122.5899999999999
1116.788
1107.604
1113.655
1330.1690000000001
1502.212
1563.8489999999999
1612.4359999999999
1629.3589999999999
1615.904
1614.4670000000001
1603.943
1600.761
1591.615
1570.0599999999999
1575.703
1276.575
1109.299
1109.5940000000001
1098.7829999999999
1102.893
1104.5
1103.067
1095.5409999999999
1106.1199999999999
1102.412
1111.9690000000001
1108.3019999999999
1101.1369999999999
1106.3810000000001
1102.2429999999999
1108.5920000000001
1103.356
1108.309
1103.0060000000001
1114.51
1119.2049999999999
1113.683
1117.9169999999999
1109.259
1110.1479999999999
1116.0419999999999
1110.1410000000001
1112.635
1103.136
1109.491
1103.6690000000001
1094.557
1103.261
1099.067
1097.4200000000001
1095.2049999999999
1094.6669999999999
1094.1279999999999
1088.202
1092.3119999999999
1103.934
1103.4649999999999
1102.5060000000001
1099.913
1109.623
1109.337
1107.299
1100.3520000000001
1108.414
1110.095
1103.741
1096.145
1099.672
1108.3230000000001
1098.0889999999999
1101.855
1103.6980000000001
1110.212
1099.604
1104.5119999999999
1116.345
1104.3309999999999
1107.896
1107.2170000000001
1097.463
1098.511
1098.566
1103.51
1097.8430000000001
1098.047
1104.2170000000001
1104.1130000000001
1093.376
1101.2159999999999
1097.6279999999999
1101.788
1093.124
1095.0250000000001
1097.443
1104.2059999999999
1097.1089999999999
1097.6700000000001
1092.3889999999999
1096.74
1093.5309999999999
1090.6479999999999
1081.992
1090.232
1079.9549999999999
1086.8050000000001
1087.3810000000001
1093.2719999999999
1082.7470000000001
1089.8119999999999
1088.4490000000001
1092.2049999999999
1084.135
1091.9949999999999
1094.4480000000001
1083.5609999999999
1093.473
1090.7929999999999
1081.4949999999999
1090.905
1094.7739999999999
1096.309
1100.3209999999999
1104.0319999999999
1097.8320000000001
1098.74
1104.0160000000001
1107.838
1342.2239999999999
1493.4829999999999
1562.5050000000001
1592.538
1606.4949999999999
1604.3140000000001
1611.261
1588.4159999999999
1584.385
1567.806
1573.039
1571.8689999999999
1266.1510000000001
1103.1369999999999
1094.248
1105.441
1104.499
1102.3199999999999
1092.6559999999999
1098.634
1101.7080000000001
1089.337
1094.981
1098.5699999999999
1103.671
1092.645
1099.146
1101.1600000000001
1107.182
1096.498
1104.2809999999999
1103.1379999999999
1097.933
1103.6320000000001
1109.4300000000001
1104.0160000000001
1100.7249999999999
1100.319
1099.5160000000001
1100.6489999999999
1091.518
1105.5060000000001
1097.2929999999999
1098.8209999999999
1099.721
1104.1010000000001
1101.4670000000001
1094.0039999999999
1100.6410000000001
1103.8820000000001
1103.741
1099.009
1112.739
1110.6859999999999
1100.6420000000001
1106.9400000000001
1110.2360000000001
1104.943
1102.0360000000001
1100.1489999999999
1106.636
1094.931
1099.385
1097.3699999999999
1105.1199999999999
1100.4970000000001
1098.97
1092.682
1097.5530000000001
1085.5619999999999
1080.402
1087.5619999999999
1078.7329999999999
1090.154
1085.3969999999999
1081.3530000000001
1092.8879999999999
1095.175
1082.479
1089.787
1092.633
1097.1469999999999
1089.855
1087.2760000000001
1087.9639999999999
1092.308
1090.941
1084.6559999999999
1092.403
1086.742
1089.9580000000001
1082.47
1090.354
1095.1420000000001
1089.5160000000001
1089.1759999999999
1085.617
1093.8440000000001
1083.9300000000001
1084.115
1078.345
1090.6389999999999
1088.6110000000001
1088.0530000000001
1079.9449999999999
1081.8330000000001
1091.4680000000001
1088.2940000000001
1092.941
1089.1669999999999
1093.673
1094.0599999999999
1088.511
1085.4010000000001
1085.2719999999999
1090.6010000000001
1087.751
1084.165
1076.28
1087.069
1083.421
1084.9580000000001
1452.95
1514.6300000000001
1570.354
1585.8710000000001
1603.038
1600.644
1598.787
1592.1800000000001
1571.8599999999999
1573.9880000000001
1561.069
1568.4690000000001
1162.1210000000001
1105.6980000000001
1103.2339999999999
1096.2619999999999
1103.296
1106.6210000000001
1097.433
1100.4659999999999
1095.4960000000001
1104.365
1107.3920000000001
1100.855
1096.587
1098.4269999999999
1104.5709999999999
1112.3489999999999
1104.4269999999999
1107.8699999999999
1100.29
1104.1790000000001
1109.087
1105.6379999999999
1109.0340000000001
1101.4760000000001
1108.308
1113.413
1108.1990000000001
1110.433
1098.654
1109.204
1108.1959999999999
1111.6289999999999
1106.222
1103.193
1110.252
1107.7639999999999
1108.829
1098.779
1105.1659999999999
1113.085
1106.931
1105.4490000000001
1102.6389999999999
1108.5450000000001
1104.203
1096.075
1098.4179999999999
1105.1410000000001
1095.5039999999999
1083.7919999999999
1082.423
1079.3699999999999
1076.847
1089.645
1089.6610000000001
1084.367
1090.28
1089.944
1090.6559999999999
1090.8340000000001
1082.1700000000001
1093.114
1084.8789999999999
1080.2059999999999
1087.5730000000001
1091.587
1091.652
1083.3689999999999
1084.134
1085.289
1085.5889999999999
1081.2919999999999
1091.3420000000001
1084.203
1085.1880000000001
1076.9400000000001
1087.5419999999999
1087.768
1092.3869999999999
1081.8699999999999
1094.6410000000001
1089.443
1089.3330000000001
1079.566
1094.202
1093.5930000000001
1086.838
1086.1099999999999
1082.3820000000001
1090.2950000000001
1091.508
1086.4469999999999
1081.348
1087.395
1095.2760000000001
1088.3589999999999
1093.3989999999999
1097.059
1100.7
1088.8130000000001
1095.1420000000001
1092.03
1092.252
1078.9549999999999
1086.6590000000001
1087.5119999999999
1087.7809999999999
1086.6030000000001
1205.673
1475.886
1521.413
1570.672
1603.2639999999999
1621.8389999999999
1611.721
1604.155
1586.78
1593.7809999999999
1592.134
1580.944
1579.3119999999999
1186.2819999999999
1102.2819999999999
1113.5260000000001
1111.548
1117.6659999999999
1108.183
1100.6880000000001
1109.2080000000001
1104.8150000000001
1109.739
1102.5129999999999
1108.211
1107.2919999999999
1100.4459999999999
1099.193
1094.8209999999999
1106.223
1103.4079999999999
1098.587
1103.539
1096.373
1098.7629999999999
1099.74
1103.6099999999999
1106.3510000000001
1101.146
1098.0070000000001
1104.133
1108.4010000000001
1112.0699999999999
1103.1849999999999
1096.48
1104.5319999999999
1103.3789999999999
1106.067
1106.758
1098.665
1105.9949999999999
1099.097
1081.2070000000001
1084.336
1081.354
1079.5039999999999
1071.527
1068.6790000000001
1075.366
1065.6020000000001
1066.5360000000001
1060.778
1054.3520000000001
1076.047
1080.442
1083.3
1080.424
1070.2560000000001
1078.489
1082.5250000000001
1089.8219999999999
1092.9880000000001
1088.3679999999999
1089.4839999999999
1084.4159999999999
1088.7850000000001
1093.2339999999999
1095.2929999999999
1088.4490000000001
1092.8810000000001
1086.1469999999999
1082.8340000000001
1091.6079999999999
1090.8050000000001
1095.8820000000001
1098.6120000000001
1090.46
1093.6600000000001
1090.221
1100.0160000000001
1101.317
1096.5609999999999
1094.2919999999999
1090.1489999999999
1091.5219999999999
1101.623
1099.4190000000001
1094.394
1087.5799999999999
1087.6900000000001
1095.7239999999999
1092.366
1099.9929999999999
1094.395
1091.04
1096.6010000000001
1094.05
1102.3599999999999
1098.3599999999999
1088.8530000000001
1094.6579999999999
1098.4559999999999
1094.8430000000001
1091.1600000000001
1085.402
1091.798
1097.74
1092.0050000000001
1090.095
1089.4870000000001
1182.567
1466.4159999999999
1518.3199999999999
1559.425
1605.8130000000001
1610.1379999999999
1603.9659999999999
1586.951
1582.28
1585.7829999999999
1579.1369999999999
1581.2550000000001
1347.4749999999999
1103.1479999999999
1106.606
1105.769
1109.1220000000001
1108.903
1098.191
1099.6020000000001
1107.491
1115.2470000000001
1113.9259999999999
1107.6099999999999
1108.297
1113.7529999999999
1114.5409999999999
1116.6120000000001
1112.453
1100.3720000000001
1105.126
1111.7190000000001
1110.729
1108.6030000000001
1109.028
1103.194
1112.796
1109.7840000000001
1104.596
1099.8889999999999
1103.971
1107.2370000000001
1102.7660000000001
1104.886
1097.5319999999999
1105.7180000000001
1109.748
1103.3420000000001
1101.7139999999999
1101.4110000000001
1110.6400000000001
1099.4549999999999
1092.826
1083.3340000000001
1089.1099999999999
1089.442
1094.569
1085.701
1051.614
1068.548
1075.204
1071.691
1077.4159999999999
1067.115
1070.8489999999999
1079.5909999999999
1072.3579999999999
1073.7919999999999
1065.241
1064.989
1067.346
1075.3599999999999
1078.3620000000001
1068.1189999999999
1091.3389999999999
1093.145
1080.7339999999999
1087.807
1085.799
1075.3689999999999
1079.691
1087.9580000000001
1087.0730000000001
1085.45
1082.174
1092.739
1088.2809999999999
1085.9090000000001
1081.998
1094.4000000000001
1089.6890000000001
1086.615
1092.9259999999999
1100.2539999999999
1090.0550000000001
1092.943
1094.538
1103.979
1089.7249999999999
1100.5409999999999
1093.489
1093.9690000000001
1087.0170000000001
1088.347
1092.8979999999999
1088.0250000000001
1089.691
1078.671
1094.6020000000001
1092.7670000000001
1096.4280000000001
1091.9359999999999
1090.807
1096.7919999999999
1100.5419999999999
1096.231
1174.827
1461.347
1508.817
1556.1969999999999
1592.682
1609.002
1603.97
1591.6890000000001
1587.8119999999999
1564.8820000000001
1570.309
1105.575
1100.76
1097.444
1098.77
1113.752
1103.848
1100.654
1096.566
1099.2909999999999
1098.7829999999999
1099.145
1101.1700000000001
1109.0250000000001
1105.0060000000001
1112.0509999999999
1105.5409999999999
1110.99
1102.029
1109.1780000000001
1114.6679999999999
1114.0509999999999
1102.884
1109.8040000000001
1113.268
1115.067
1112.6289999999999
1102.6079999999999
1116.4100000000001
1112.1010000000001
1104.5060000000001
1109.682
1107.5740000000001
1105.3240000000001
1106.9400000000001
1112.8820000000001
1095.249
1097.614
1099.7840000000001
1095.9690000000001
1088.171
1086.8130000000001
1098.3779999999999
1091.384
1099.796
1095.5509999999999
1094.665
1096.4760000000001
1093.7180000000001
1094.05
1100.605
1095.566
1096.2550000000001
1090.3720000000001
1101.0930000000001
1106.03
1098.0350000000001
1099.837
1091.001
1102.3599999999999
1099.893
1093.55
1098.9960000000001
1098.2180000000001
1095.1759999999999
1086.713
1097.095
1094.6859999999999
1089.8969999999999
1094.95
1082.345
1084.0920000000001
1089.8209999999999
1085.837
1084.51
1092.653
1090.5350000000001
1088.3440000000001
1088.1559999999999
1094.971
1088.893
1084.519
1096.4390000000001
1096.6769999999999
1092.4739999999999
1089.6959999999999
1083.3969999999999
1097.078
1090.4839999999999
1086.963
1089.741
1096.0889999999999
1087.171
1088.9059999999999
1084.1320000000001
1087.3589999999999
1086.787
1080.2329999999999
1087.671
1386.01
1465.018
1526.9100000000001
1576.8810000000001
1606.163
1600.99
1599.633
1598.4949999999999
1592.434
1581.5519999999999
1561.0070000000001
1571.6130000000001
1564.02
1535.8209999999999
1097.0350000000001
1089.5989999999999
1098.3530000000001
1099.991
1105.8209999999999
1094.001
1092.836
1097.865
1100.7670000000001
1106.837
1095.7809999999999
1094.6890000000001
1105.317
1107.5239999999999
1105.335
1100.461
1099.501
1104.046
1110.8720000000001
1109.0129999999999
1101.4690000000001
1098.6289999999999
1106.152
1097.308
1100.6300000000001
1102.3989999999999
1096.829
1099.5699999999999
1097.317
1103.2159999999999
1103.9880000000001
1097.8219999999999
1103.55
1098.0070000000001
1095.557
1104.8800000000001
1102.2329999999999
1095.1300000000001
1088.05
1091.383
1092.943
1096.817
1095.9580000000001
1089.6559999999999
1090.3579999999999
1095.2619999999999
1096.9259999999999
1094.7860000000001
1092.4169999999999
1085.711
1097.8789999999999
1097.3879999999999
1087.1880000000001
1089.5889999999999
1081.5029999999999
1088.1900000000001
1092.289
1081.3710000000001
1086.5
1078.818
1085.856
1090.9169999999999
1089.674
1079.896
1092.703
1089.7739999999999
1089.1700000000001
1079.5540000000001
1082.4939999999999
1086.201
1079.2360000000001
1071.3030000000001
1067.463
1076.191
1080.127
1081.088
1075.8150000000001
1074.3030000000001
1067.26
1071.8679999999999
1076.672
1063.8420000000001
1078.9010000000001
1077.0809999999999
1084.6310000000001
1083.0419999999999
1080.5820000000001
1085.864
1093.8910000000001
1084.377
1087.4069999999999
1095.231
1088.884
1080.181
1093.2170000000001
1088.442
1080.6410000000001
1083.7190000000001
1087.6189999999999
1083.587
1084.002
1078.3440000000001
1086.0409999999999
1087.28
1083.3320000000001
1080.154
1081.5650000000001
1090.1310000000001
1085.9939999999999
1088.3820000000001
1081.691
1102.258
1432.5160000000001
1477.598
1528.8040000000001
1565.817
1611.2429999999999
1623.2560000000001
1612.7260000000001
1587.954
1580.5440000000001
1579.982
1581.48
1574.636
1561.885
1158.5830000000001
1103.9680000000001
1104.6469999999999
1106.068
1098.604
1099.799
1105.0920000000001
1103.9839999999999
1099.9400000000001
1094.2739999999999
1101.6880000000001
1102.5150000000001
1107.9880000000001
1103.03
1101.9780000000001
1099.0599999999999
1101.4770000000001
1107.1790000000001
1102.4549999999999
1104.328
1097.816
1093.5319999999999
1095.079
1100.3800000000001
1103.0989999999999
1105.377
1100.2249999999999
1100.364
1104.1130000000001
1105.2550000000001
1096.8199999999999
1101.5940000000001
1101.125
1101.0219999999999
1095.5989999999999
1091.521
1101.9480000000001
1090.1310000000001
1089.521
1084.9580000000001
1085.183
1094.751
1093.328
1096.5530000000001
1095.4469999999999
1090.588
1098.3240000000001
1100.172
1089.252
1082.528
1083.473
1082.1020000000001
1084.337
1076.5219999999999
1084.807
1082.3340000000001
1089.8430000000001
1082.1959999999999
1085.7280000000001
1088.2059999999999
1091.123
1093.289
1085.52
1083.0050000000001
1090.675
1092.047
1094.8019999999999
1093.8219999999999
1084.24
1090.1559999999999
1089.586
1095.7539999999999
1088.0150000000001
1087.3150000000001
1086.075
1093.49
1084.1320000000001
1083.9349999999999
1079.931
1085.9079999999999
1091.48
1087.51
1084.277
1083.3610000000001
1092.829
1093.518
1087.2670000000001
1086.9590000000001
1079.2370000000001
1082.181
1086.3420000000001
1092.3440000000001
1088.5619999999999
1079.877
1086.855
1088.4190000000001
1092.106
1079.433
1089.4079999999999
1087.0930000000001
1089.6769999999999
1085.8219999999999
1084.8810000000001
1088.396
1086.876
1086.7149999999999
1077.441
1084.972
1080.153
1089.2950000000001
1089.0350000000001
1078.6669999999999
1086.9880000000001
1300.296
1452.377
1497.5309999999999
1554.8040000000001
1597.6579999999999
1605.7460000000001
1599.973
1598.3299999999999
1579.913
1573.7190000000001
1574.7190000000001
1578.4069999999999
1372.4159999999999
1095.3679999999999
1101.393
1101.569
1099.2360000000001
1086.7819999999999
1088.3599999999999
1092.9369999999999
1093.826
1086.5409999999999
1087.8630000000001
1091.021
1096.7349999999999
1095.8150000000001
1085.6130000000001
1090.481
1088.8489999999999
1093.6900000000001
1087.097
1084.3119999999999
1091.365
1094.52
1094.0550000000001
1088.115
1097.049
1102.5160000000001
1095.7550000000001
1106.3019999999999
1108.7280000000001
1102.318
1099.289
1101.2170000000001
1102.1980000000001
1097.8879999999999
1100.7370000000001
1109.761
1094.9110000000001
1095.788
1093.538
1100.7940000000001
1090.3299999999999
1088.096
1082.6669999999999
1091.9400000000001
1090.277
1079.797
1083.443
1081.604
1092.3889999999999
1083.8050000000001
1079.0740000000001
1083.7760000000001
1088.5119999999999
1090.5329999999999
1085.9390000000001
1084.4449999999999
1082.5930000000001
1083.953
1089.2919999999999
1088.0419999999999
1085.229
1082.3900000000001
1083.1300000000001
1089.8109999999999
1091.2729999999999
1085.412
1079.1130000000001
1079.9359999999999
1088.1780000000001
1086.3779999999999
1085.4010000000001
1082.365
1083.26
1088.3510000000001
1085.8900000000001
1087.441
1084.7070000000001
1090.3040000000001
1086
1079.952
1079.318
1086.1700000000001
1082.4939999999999
1080.8530000000001
1072.9580000000001
1082.107
1089.479
1085.2829999999999
1079.8979999999999
1088.1179999999999
1082.1600000000001
1082.796
1076.1849999999999
1084.3420000000001
1081.039
1076.2860000000001
1082.3630000000001
1084.134
1090.7460000000001
1079.74
1080
1090.7760000000001
1087.3009999999999
1079.7280000000001
1085.7149999999999
1090.5360000000001
1093.3889999999999
1081.116
1086.162
1090.0309999999999
1095.8130000000001
1090.4770000000001
1082.8209999999999
1096.3530000000001
1092.249
1090.6510000000001
1088.972
1093.97
1088.6279999999999
1091.7339999999999
1085.385
1094.846
1085.5050000000001
1078.0519999999999
1325.9359999999999
1441.002
1493.9059999999999
1548.384
1596.124
1602.546
1606.472
1608.7950000000001
1596.3040000000001
1591.232
1572.4280000000001
1581.3510000000001
1488.002
1101.635
1103.1489999999999
1105.268
1107.204
1104.5250000000001
1108.501
1104.039
1111.4369999999999
1105.0920000000001
1100.8689999999999
1110.4670000000001
1104.769
1109.2550000000001
1102.4369999999999
1096.5540000000001
1101.5409999999999
1102.6780000000001
1104.4559999999999
1095.306
1099.6469999999999
1096.884
1104.452
1107.7760000000001
1109.0630000000001
1108.271
1120.7729999999999
1115.355
1114.867
1104.1199999999999
1114.2719999999999
1120.636
1114.7190000000001
1108.0619999999999
1113.9159999999999
1106.712
1102.5440000000001
1105.5640000000001
1094.8240000000001
1092.3800000000001
1104.3710000000001
1097.3030000000001
1063.9400000000001
1082.0319999999999
1078.318
1085.623
1083.5229999999999
1087.0619999999999
1083.4839999999999
1077.9069999999999
1084.229
1078.1990000000001
1083.105
1082.095
1072.1310000000001
1080.404
1090.8340000000001
1089.078
1092.498
1096.405
1094.55
1093.7809999999999
1084.3019999999999
1093.874
1093.0630000000001
1095.979
1088.3589999999999
1091.9300000000001
1095.6949999999999
1098.396
1088.3340000000001
1095.8789999999999
1099.5699999999999
1093.9280000000001
1094.604
1106.0440000000001
1097.5830000000001
1097.2850000000001
1091.627
1098.991
1098.1949999999999
1090.9079999999999
1091.3910000000001
1092.123
1099.248
1094.317
1093.338
1087.7349999999999
1096.04
1096.3389999999999
1087.1489999999999
1093.5139999999999
1095.643
1098.5530000000001
1092.5260000000001
1099.0219999999999
1096.7860000000001
1101.9649999999999
1093.4200000000001
1094.2639999999999
1096.3589999999999
1098.4559999999999
1089.2850000000001
1089.037
1095.1079999999999
1090.3389999999999
1084.6700000000001
1092.702
1095.981
1098.404
1091.444
1426.1890000000001
1480.1210000000001
1529.6110000000001
1564.0309999999999
1601.1780000000001
1619.136
1609.125
1603.539
1589.269
1581.2539999999999
1584.1179999999999
1586.8150000000001
1576.845
1575.133
1177.943
1101.095
1104.759
1110.1569999999999
1110.9469999999999
1107.1489999999999
1109.9390000000001
1109.7449999999999
1112.454
1112.921
1110.5129999999999
1111.796
1103.046
1105.171
1112.4480000000001
1107.8989999999999
1114.9179999999999
1110.683
1103.5250000000001
1109.527
1107.431
1107.5920000000001
1102.539
1108.1500000000001
1109.2190000000001
1115.011
1110.5930000000001
1105.1469999999999
1102.893
1104.6110000000001
1106.03
1103.9380000000001
1110.1420000000001
1102.114
1101.3019999999999
1105.8889999999999
1092.1479999999999
1093.6500000000001
1088.1089999999999
1089.2180000000001
1093.884
1088.2170000000001
1089.9110000000001
1078.6310000000001
1083.4549999999999
1088.2550000000001
1088.27
1078.8900000000001
1085.6890000000001
1085.557
1089.297
1092.26
1083.4349999999999
1079.7660000000001
1086.5440000000001
1091.0039999999999
1091.9259999999999
1083.7670000000001
1084.3320000000001
1085.6369999999999
1090.7650000000001
1084.327
1073.8330000000001
1082.614
1088.223
1082.5619999999999
1078.3820000000001
1086.9369999999999
1088.4300000000001
1092.1079999999999
1088.8420000000001
1080.2560000000001
1086.289
1081.0139999999999
1091.527
1093.1489999999999
1090.252
1087.2760000000001
1080.7
1083.953
1092.1289999999999
1086.549
1091.481
1081.3019999999999
1098.4839999999999
1090.239
1096.548
1090.4760000000001
1084.7280000000001
1092.569
1096.6310000000001
1095.3199999999999
1090.412
1089.51
1080.925
1081.2940000000001
1087.7270000000001
1089.5
1085.47
1078.5260000000001
1087.4269999999999
1082.204
1083.5150000000001
1081.192
1092.059
1095.4059999999999
1096.347
1138.798
1433.45
1472.085
1534.7249999999999
1580.874
1600.3389999999999
1615.3530000000001
1602.0170000000001
1600.9680000000001
1588.913
1583.6990000000001
1571.49
1574.614
1577.9680000000001
1159.2270000000001
1107.1659999999999
1103.1289999999999
1091.1559999999999
1094.431
1091.1110000000001
1096.721
1095.7429999999999
1087.037
1091.9949999999999
1087.5930000000001
1095.808
1097.375
1091.231
1097.434
1087.23
1089.2550000000001
1096.248
1091.2829999999999
1096.0350000000001
1092.21
1087.2139999999999
1094.4739999999999
1099.99
1094.671
1090.01
1097.893
1099.2539999999999
1096.251
1088.895
1096.242
1090.518
1095.068
1098.4179999999999
1083.7460000000001
1086.7070000000001
1079.3889999999999
1088.806
1089.578
1082.8309999999999
1082.6289999999999
1080.606
1089.6500000000001
1091.627
1092.077
1087.434
1085.6079999999999
1082.3599999999999
1087.3979999999999
1087.7919999999999
1093.0630000000001
1089.009
1078.1289999999999
1081.7929999999999
1084.3050000000001
1090.364
1088.664
1079.5989999999999
1081.1759999999999
1084.1849999999999
1088.556
1081.8299999999999
1082.7860000000001
1082.3869999999999
1081.3099999999999
1082.992
1086.674
1081.854
1080.817
1075.22
1079.7249999999999
1099.5409999999999
1096.979
1101.7529999999999
1091.664
1094.576
1103.3119999999999
1096.3610000000001
1096.0160000000001
1086.8299999999999
1082.8800000000001
1092.992
1089.3889999999999
1092.6759999999999
1081.9390000000001
1088.521
1087.575
1094.521
1087.625
1085.893
1095.752
1092.922
1087.9459999999999
1080.9390000000001
1091.1569999999999
1092.9300000000001
1088.8520000000001
1083.0160000000001
1080.338
1090.2239999999999
1088.0999999999999
1090.347
1083.9639999999999
1088.2329999999999
1095.527
1092.354
1084.8689999999999
1061.4770000000001
1083.5050000000001
1072.799
1076.365
1071.671
1074.8510000000001
1069.3720000000001
1071.7460000000001
1066.2670000000001
1080.326
1078.287
1070.077
1079.204
1079.8150000000001
1090.5889999999999
1084.7529999999999
1084.713
1090.106
1093.3389999999999
1088.011
1080.374
1091.163
1086.271
1091.165
1081.4280000000001
1089.9000000000001
1087.777
1095.4269999999999
1085.866
1089.029
1086.211
1091.568
1080.114
1083.828
1088.9659999999999
1085.0219999999999
1082.9190000000001
1076.682
1088.4169999999999
1082.0309999999999
1086.3789999999999
1073.788
1079.539
1085.0139999999999
1081.9570000000001
1082.931
1072.8630000000001
1088.394
1083.799
1080.8399999999999
1074.989
1074.9480000000001
1092.3199999999999
1081.3050000000001
1076.8150000000001
1086.979
1081.6579999999999
1081.527
1072.7670000000001
1079.229
1067.3140000000001
391.51769999999999
17.525279999999999
