3.79313500e+02
2.68979000e+03
1.40380500e+03
1.42588000e+03
1.46740900e+03
1.51019000e+03
1.59499600e+03
1.60877700e+03
1.59721800e+03
1.58419200e+03
1.58237300e+03
1.58507400e+03
1.57213100e+03
1.55676500e+03
1.12432900e+03
1.12106500e+03
1.12908300e+03
1.12685700e+03
1.12480700e+03
1.12306300e+03
1.12914500e+03
1.12526000e+03
1.13331000e+03
1.13184200e+03
1.13065800e+03
1.12176600e+03
1.13115800e+03
1.13444700e+03
1.12833000e+03
1.12695600e+03
1.13280000e+03
1.13027200e+03
1.12881800e+03
1.12365400e+03
1.13403200e+03
1.12937000e+03
1.12304400e+03
1.13102400e+03
1.12842800e+03
1.13882100e+03
1.13788600e+03
1.12640800e+03
1.12945800e+03
1.12931900e+03
1.13597600e+03
1.12355200e+03
1.13021400e+03
1.12332400e+03
1.13158300e+03
1.13383100e+03
1.12092500e+03
1.12687200e+03
1.12361500e+03
1.12980300e+03
1.12575700e+03
1.12228200e+03
1.12676600e+03
1.12926100e+03
1.11593300e+03
1.11532400e+03
1.12503100e+03
1.12031600e+03
1.11292900e+03
1.12125800e+03
1.11086500e+03
1.10787300e+03
1.10496300e+03
1.11018100e+03
1.11246300e+03
1.11153600e+03
1.10534900e+03
1.10871200e+03
1.09709100e+03
1.12099300e+03
1.11983900e+03
1.12616500e+03
1.12387600e+03
1.11803100e+03
1.12210100e+03
1.12616600e+03
1.12010200e+03
1.11156000e+03
1.12251700e+03
1.12281600e+03
1.11982000e+03
1.11900800e+03
1.10970900e+03
1.11578300e+03
1.12002000e+03
1.12359400e+03
1.12198200e+03
1.11476100e+03
1.12078200e+03
1.13052300e+03
1.12803100e+03
1.12214100e+03
1.12695200e+03
1.13137100e+03
1.13186900e+03
1.13785500e+03
1.43241600e+03
1.50242800e+03
1.54074000e+03
1.59041200e+03
1.61597400e+03
1.61663100e+03
1.60330400e+03
1.59891600e+03
1.58749000e+03
1.58117800e+03
1.19308700e+03
1.11041500e+03
1.11365800e+03
1.11756900e+03
1.11326200e+03
1.11766900e+03
1.11250000e+03
1.11015600e+03
1.11205200e+03
1.11853500e+03
1.11990100e+03
1.11682900e+03
1.10868900e+03
1.11750900e+03
1.11832500e+03
1.12408900e+03
1.11919100e+03
1.12647100e+03
1.12417700e+03
1.13018300e+03
1.12926600e+03
1.11724000e+03
1.11974700e+03
1.11515000e+03
1.11904200e+03
1.11635300e+03
1.11217300e+03
1.11679300e+03
1.11225700e+03
1.12000400e+03
1.12266400e+03
1.11328100e+03
1.11796200e+03
1.10540100e+03
1.10722000e+03
1.10524300e+03
1.09239100e+03
1.09731600e+03
1.09657200e+03
1.10199300e+03
1.09863700e+03
1.09921600e+03
1.09011900e+03
1.09140200e+03
1.10324900e+03
1.09878900e+03
1.10112700e+03
1.09463500e+03
1.10078500e+03
1.10414200e+03
1.11473500e+03
1.11301500e+03
1.10756900e+03
1.11263200e+03
1.11939600e+03
1.11240100e+03
1.10895500e+03
1.10745000e+03
1.11832100e+03
1.11991800e+03
1.11175500e+03
1.11646300e+03
1.10943700e+03
1.10877100e+03
1.11728200e+03
1.11505200e+03
1.12116300e+03
1.11646200e+03
1.10725100e+03
1.11521800e+03
1.12161400e+03
1.12671400e+03
1.12129400e+03
1.11230400e+03
1.11909900e+03
1.12079600e+03
1.12972500e+03
1.11897700e+03
1.11139500e+03
1.12882700e+03
1.46221900e+03
1.51875800e+03
1.55602900e+03
1.60323200e+03
1.62065200e+03
1.62945400e+03
1.62005800e+03
1.59585700e+03
1.59846100e+03
1.58902800e+03
1.59393200e+03
1.51424900e+03
1.10989100e+03
1.11513900e+03
1.10858000e+03
1.12066400e+03
1.11550400e+03
1.10656200e+03
1.11294000e+03
1.12155000e+03
1.12056600e+03
1.11290800e+03
1.11317700e+03
1.11563400e+03
1.11905000e+03
1.11536200e+03
1.10817500e+03
1.11399000e+03
1.11819100e+03
1.11950000e+03
1.10818300e+03
1.10555100e+03
1.11243000e+03
1.11562400e+03
1.11303000e+03
1.10839300e+03
1.11668600e+03
1.11135400e+03
1.11555000e+03
1.10180000e+03
1.10348600e+03
1.11326300e+03
1.10347900e+03
1.09831000e+03
1.09530200e+03
1.10856900e+03
1.10175500e+03
1.10700100e+03
1.09831000e+03
1.10787500e+03
1.10890400e+03
1.09903900e+03
1.10995400e+03
1.11245900e+03
1.10823800e+03
1.10160000e+03
1.10914800e+03
1.12398400e+03
1.11967900e+03
1.12125500e+03
1.11795100e+03
1.11678100e+03
1.12690300e+03
1.12075000e+03
1.12470600e+03
1.11425500e+03
1.10931000e+03
1.11606100e+03
1.11951300e+03
1.12156500e+03
1.11217000e+03
1.10907500e+03
1.11448100e+03
1.11315600e+03
1.10343500e+03
1.11417700e+03
1.10925700e+03
1.11382600e+03
1.11181300e+03
1.11756100e+03
1.11707700e+03
1.14953500e+03
1.46703500e+03
1.50425400e+03
1.55893400e+03
1.59751400e+03
1.61482600e+03
1.59782200e+03
1.59687100e+03
1.59024200e+03
1.58980100e+03
1.57585800e+03
1.49944600e+03
1.11350600e+03
1.11118200e+03
1.10600000e+03
1.11654300e+03
1.11094200e+03
1.10998600e+03
1.10011700e+03
1.11296000e+03
1.11233500e+03
1.10942900e+03
1.10712900e+03
1.10958500e+03
1.11590700e+03
1.11354900e+03
1.11432900e+03
1.10698100e+03
1.11320400e+03
1.10887300e+03
1.11552800e+03
1.11827600e+03
1.11110000e+03
1.10717000e+03
1.10446900e+03
1.11765900e+03
1.11587200e+03
1.10532800e+03
1.11355900e+03
1.10423100e+03
1.11175400e+03
1.10999300e+03
1.10715200e+03
1.10183400e+03
1.10452100e+03
1.11079700e+03
1.10583900e+03
1.10134500e+03
1.10281400e+03
1.10795300e+03
1.10095800e+03
1.09994300e+03
1.09247700e+03
1.10291000e+03
1.09991200e+03
1.10951800e+03
1.10617000e+03
1.11558800e+03
1.12066500e+03
1.11821600e+03
1.11071000e+03
1.11987300e+03
1.12584400e+03
1.11870300e+03
1.11662600e+03
1.10922400e+03
1.11770000e+03
1.12230200e+03
1.11842500e+03
1.11856700e+03
1.10967600e+03
1.11127800e+03
1.11476800e+03
1.11310900e+03
1.11042900e+03
1.11505100e+03
1.11927700e+03
1.12148400e+03
1.11571400e+03
1.11792700e+03
1.11091400e+03
1.45422300e+03
1.52377000e+03
1.56837000e+03
1.60208100e+03
1.61695800e+03
1.62604500e+03
1.61144800e+03
1.60718600e+03
1.58398700e+03
1.58334900e+03
1.59008300e+03
1.51622200e+03
1.11947200e+03
1.11740500e+03
1.10927700e+03
1.11740200e+03
1.11989300e+03
1.12391900e+03
1.11683100e+03
1.11263700e+03
1.11562600e+03
1.11776500e+03
1.12170000e+03
1.11618800e+03
1.11050200e+03
1.11505200e+03
1.11831700e+03
1.11790400e+03
1.11128600e+03
1.10924500e+03
1.11285600e+03
1.11361300e+03
1.12063500e+03
1.11692300e+03
1.11101900e+03
1.11806700e+03
1.11875700e+03
1.12460000e+03
1.11914900e+03
1.11003500e+03
1.10385900e+03
1.09849800e+03
1.11126000e+03
1.11336800e+03
1.10791500e+03
1.10348800e+03
1.10337600e+03
1.11216700e+03
1.10282700e+03
1.10371500e+03
1.09711600e+03
1.09373600e+03
1.10347000e+03
1.10246700e+03
1.09959000e+03
1.10012100e+03
1.09922200e+03
1.11587600e+03
1.12042700e+03
1.12574700e+03
1.11629700e+03
1.11276200e+03
1.12204400e+03
1.11988700e+03
1.12123500e+03
1.10964100e+03
1.12062200e+03
1.12829900e+03
1.12219500e+03
1.12385000e+03
1.11436000e+03
1.11951700e+03
1.12838700e+03
1.12073600e+03
1.12306800e+03
1.11722300e+03
1.12144600e+03
1.12824000e+03
1.13133000e+03
1.12786900e+03
1.11923200e+03
1.12191300e+03
1.25189200e+03
1.50252200e+03
1.54288200e+03
1.59823500e+03
1.62983000e+03
1.62879700e+03
1.61759900e+03
1.61496400e+03
1.61287000e+03
1.59950100e+03
1.60132300e+03
1.58126300e+03
1.26699800e+03
1.12848600e+03
1.11970100e+03
1.11638100e+03
1.11783000e+03
1.12505600e+03
1.12073700e+03
1.12050800e+03
1.11611900e+03
1.11859600e+03
1.12027600e+03
1.11475300e+03
1.11155700e+03
1.10666400e+03
1.11422800e+03
1.11567200e+03
1.10924400e+03
1.10091600e+03
1.10231500e+03
1.11222800e+03
1.11160400e+03
1.10822500e+03
1.10127100e+03
1.10931200e+03
1.11671700e+03
1.11193500e+03
1.11549500e+03
1.10953800e+03
1.10830600e+03
1.10589400e+03
1.10547500e+03
1.09668600e+03
1.10509300e+03
1.10792600e+03
1.09831400e+03
1.09979000e+03
1.09526100e+03
1.10337100e+03
1.10206600e+03
1.09687700e+03
1.09919600e+03
1.09185800e+03
1.09823500e+03
1.10509300e+03
1.10684400e+03
1.11288600e+03
1.11590500e+03
1.12081800e+03
1.12731300e+03
1.12454800e+03
1.12809400e+03
1.11883800e+03
1.12191600e+03
1.12640500e+03
1.12407400e+03
1.12376300e+03
1.11726900e+03
1.11892300e+03
1.12883400e+03
1.12398700e+03
1.12015500e+03
1.11304600e+03
1.11595900e+03
1.11360800e+03
1.11804300e+03
1.11023100e+03
1.10955500e+03
1.12206700e+03
1.11878800e+03
1.12076800e+03
1.11821400e+03
1.39771000e+03
1.52369000e+03
1.56862900e+03
1.61054100e+03
1.61546300e+03
1.63273600e+03
1.62110700e+03
1.60700100e+03
1.59641300e+03
1.59201600e+03
1.59409600e+03
1.58171000e+03
1.14024900e+03
1.12777400e+03
1.11832800e+03
1.11307600e+03
1.11692600e+03
1.12067300e+03
1.11289200e+03
1.10474600e+03
1.11340400e+03
1.11555000e+03
1.12310500e+03
1.11863600e+03
1.10901200e+03
1.12010700e+03
1.11327000e+03
1.12569100e+03
1.12240800e+03
1.12231700e+03
1.11702600e+03
1.12022400e+03
1.11973900e+03
1.11212300e+03
1.11600200e+03
1.11046500e+03
1.12151300e+03
1.12257700e+03
1.10041000e+03
1.10594000e+03
1.10569700e+03
1.10832400e+03
1.09978000e+03
1.10066400e+03
1.09535600e+03
1.10792500e+03
1.10369500e+03
1.09521700e+03
1.10200500e+03
1.09968800e+03
1.10359400e+03
1.09705400e+03
1.09867600e+03
1.09975800e+03
1.10379200e+03
1.09976900e+03
1.10307200e+03
1.12244500e+03
1.12121000e+03
1.11768200e+03
1.11306400e+03
1.10961300e+03
1.11457000e+03
1.11856200e+03
1.11490100e+03
1.10710000e+03
1.11955700e+03
1.12235200e+03
1.12264900e+03
1.11091800e+03
1.12278200e+03
1.12180400e+03
1.12130000e+03
1.12062100e+03
1.12577500e+03
1.12580500e+03
1.12760900e+03
1.45383900e+03
1.52961300e+03
1.58464100e+03
1.60994200e+03
1.62377200e+03
1.60091100e+03
1.60646100e+03
1.60607200e+03
1.59114200e+03
1.58096800e+03
1.58021600e+03
1.44042600e+03
1.11761700e+03
1.11132200e+03
1.11077200e+03
1.10548300e+03
1.11551100e+03
1.11268400e+03
1.11998900e+03
1.11266000e+03
1.11981000e+03
1.12658300e+03
1.12617900e+03
1.12544900e+03
1.11506200e+03
1.12702600e+03
1.12565100e+03
1.12151900e+03
1.11552200e+03
1.12264300e+03
1.12924100e+03
1.12262900e+03
1.12255700e+03
1.11269700e+03
1.11936800e+03
1.11884700e+03
1.11571500e+03
1.10383000e+03
1.10268000e+03
1.10931200e+03
1.10419400e+03
1.10112800e+03
1.09238400e+03
1.10393900e+03
1.10868100e+03
1.09579400e+03
1.10307200e+03
1.10375400e+03
1.10972100e+03
1.10443300e+03
1.10057100e+03
1.09678500e+03
1.10000800e+03
1.10276500e+03
1.09289900e+03
1.10624700e+03
1.10850300e+03
1.11924800e+03
1.11957500e+03
1.11391100e+03
1.11492400e+03
1.11889100e+03
1.11477900e+03
1.10282600e+03
1.11563000e+03
1.11867200e+03
1.11600300e+03
1.11529500e+03
1.11871100e+03
1.12437500e+03
1.12142800e+03
1.11456700e+03
1.11552700e+03
1.11752400e+03
1.12484200e+03
1.12307300e+03
1.11894200e+03
1.12110400e+03
1.47993200e+03
1.54158700e+03
1.59077800e+03
1.63045100e+03
1.61550100e+03
1.62443100e+03
1.61181300e+03
1.59488000e+03
1.59522300e+03
1.58796200e+03
1.46283200e+03
1.12481600e+03
1.12816700e+03
1.12355700e+03
1.12310800e+03
1.13142800e+03
1.13375200e+03
1.12723100e+03
1.12392200e+03
1.11891300e+03
1.12610900e+03
1.12680600e+03
1.13131100e+03
1.12970100e+03
1.12935500e+03
1.11802000e+03
1.12557100e+03
1.12748800e+03
1.13416200e+03
1.12660100e+03
1.11968700e+03
1.12438800e+03
1.12399600e+03
1.13021100e+03
1.12031300e+03
1.11972800e+03
1.10361500e+03
1.11406900e+03
1.11079300e+03
1.10991500e+03
1.10202700e+03
1.11046200e+03
1.11020600e+03
1.10207000e+03
1.10154100e+03
1.09527800e+03
1.10561300e+03
1.10781500e+03
1.10707900e+03
1.10172600e+03
1.11137400e+03
1.11369100e+03
1.12010700e+03
1.11871000e+03
1.11525000e+03
1.12180100e+03
1.11662900e+03
1.12447700e+03
1.12021100e+03
1.11333900e+03
1.07907300e+03
1.10141000e+03
1.10287100e+03
1.09709800e+03
1.09968000e+03
1.09527600e+03
1.10375100e+03
1.09818400e+03
1.09084200e+03
1.09782500e+03
1.10559500e+03
1.10575500e+03
1.09836300e+03
1.36502700e+03
1.51415800e+03
1.57647100e+03
1.60249500e+03
1.62659300e+03
1.62583800e+03
1.60999700e+03
1.59562400e+03
1.58590600e+03
1.58959400e+03
1.57962500e+03
1.57296400e+03
1.12811400e+03
1.10632200e+03
1.11610800e+03
1.11633400e+03
1.12047700e+03
1.11376800e+03
1.12233400e+03
1.11888900e+03
1.12500900e+03
1.11498600e+03
1.12181200e+03
1.12473800e+03
1.11919800e+03
1.11913000e+03
1.11659000e+03
1.12054900e+03
1.11568200e+03
1.12403500e+03
1.11299800e+03
1.11862700e+03
1.11744700e+03
1.12055700e+03
1.11829800e+03
1.09944300e+03
1.10389800e+03
1.10821000e+03
1.09754700e+03
1.09584100e+03
1.09937900e+03
1.10112200e+03
1.10375300e+03
1.09782700e+03
1.09405800e+03
1.10586000e+03
1.10503700e+03
1.10688300e+03
1.09952500e+03
1.10130000e+03
1.10689700e+03
1.10986300e+03
1.11089600e+03
1.10947800e+03
1.12095300e+03
1.11769500e+03
1.12098700e+03
1.12222200e+03
1.12144900e+03
1.11769700e+03
1.11317700e+03
1.11665000e+03
1.12487200e+03
1.12014600e+03
1.11742800e+03
1.11102200e+03
1.11512000e+03
1.11927500e+03
1.11133100e+03
1.11286700e+03
1.10564100e+03
1.10965300e+03
1.10728100e+03
1.10963500e+03
1.35719300e+03
1.51249200e+03
1.57256900e+03
1.60120200e+03
1.61806100e+03
1.60588300e+03
1.60409400e+03
1.60773300e+03
1.59489200e+03
1.59691700e+03
1.58829400e+03
1.57295600e+03
1.11449700e+03
1.11653100e+03
1.12390300e+03
1.12189100e+03
1.11765000e+03
1.11499800e+03
1.11593900e+03
1.11875000e+03
1.12572400e+03
1.12185000e+03
1.12301900e+03
1.11316100e+03
1.11216300e+03
1.11626500e+03
1.11174500e+03
1.11855300e+03
1.11188900e+03
1.10244700e+03
1.10977000e+03
1.10459800e+03
1.11283300e+03
1.11654100e+03
1.11289100e+03
1.10914200e+03
1.09015300e+03
1.08809900e+03
1.10338900e+03
1.10430900e+03
1.09549000e+03
1.09789300e+03
1.09534800e+03
1.08911500e+03
1.09512300e+03
1.09234800e+03
1.09884900e+03
1.09683800e+03
1.08768400e+03
1.09321300e+03
1.08989000e+03
1.10293700e+03
1.10336200e+03
1.09642600e+03
1.10215200e+03
1.10562900e+03
1.11346100e+03
1.11947200e+03
1.11433600e+03
1.11383500e+03
1.11619500e+03
1.11938600e+03
1.11781100e+03
1.11583400e+03
1.11277800e+03
1.10752100e+03
1.11864400e+03
1.11878000e+03
1.10750800e+03
1.10830200e+03
1.11132000e+03
1.10760600e+03
1.11031700e+03
1.10223400e+03
1.09905500e+03
1.42691300e+03
1.51419100e+03
1.56829800e+03
1.60198100e+03
1.60600600e+03
1.60376000e+03
1.59848600e+03
1.57648900e+03
1.58498400e+03
1.58351900e+03
1.51305100e+03
1.11782100e+03
1.11112700e+03
1.10882700e+03
1.11040600e+03
1.11550600e+03
1.11541000e+03
1.10938800e+03
1.10538500e+03
1.11155200e+03
1.11003000e+03
1.11634900e+03
1.11558600e+03
1.11553100e+03
1.11459300e+03
1.12057300e+03
1.12621000e+03
1.12116900e+03
1.10996200e+03
1.10737200e+03
1.11503300e+03
1.11440100e+03
1.10908900e+03
1.09563400e+03
1.09685400e+03
1.09916700e+03
1.10317000e+03
1.10669100e+03
1.10515600e+03
1.09868500e+03
1.10533000e+03
1.09755800e+03
1.10736700e+03
1.10543800e+03
1.09281500e+03
1.09595400e+03
1.09050600e+03
1.09868400e+03
1.10358900e+03
1.09838600e+03
1.10243400e+03
1.09340100e+03
1.11429700e+03
1.12270100e+03
1.11548000e+03
1.11758800e+03
1.11727600e+03
1.12871500e+03
1.12532900e+03
1.11697800e+03
1.11204700e+03
1.10572200e+03
1.11538800e+03
1.11445400e+03
1.11415700e+03
1.11208800e+03
1.12342400e+03
1.11538300e+03
1.11773200e+03
1.11353200e+03
1.11621500e+03
1.12332500e+03
1.11392500e+03
1.32572600e+03
1.51389400e+03
1.59959600e+03
1.62217000e+03
1.61955700e+03
1.61982900e+03
1.61364400e+03
1.59471000e+03
1.59254900e+03
1.57688600e+03
1.58457500e+03
1.18499500e+03
1.11092900e+03
1.11413100e+03
1.10294000e+03
1.10219900e+03
1.10979500e+03
1.10729500e+03
1.11354200e+03
1.10662700e+03
1.10208900e+03
1.10676700e+03
1.10084800e+03
1.10339100e+03
1.09722300e+03
1.09850200e+03
1.10182100e+03
1.10645900e+03
1.10920600e+03
1.09907800e+03
1.10342800e+03
1.09727800e+03
1.10732000e+03
1.11192300e+03
1.10168700e+03
1.09439800e+03
1.09803500e+03
1.09152400e+03
1.09280700e+03
1.10195300e+03
1.09954200e+03
1.09406500e+03
1.08956200e+03
1.09806400e+03
1.09883500e+03
1.10357500e+03
1.10108400e+03
1.09107500e+03
1.09586300e+03
1.09352200e+03
1.09941000e+03
1.09635300e+03
1.09974200e+03
1.10906100e+03
1.10220600e+03
1.10624500e+03
1.10260400e+03
1.10777800e+03
1.11381200e+03
1.11935900e+03
1.11276100e+03
1.11133200e+03
1.10357200e+03
1.11354900e+03
1.11749100e+03
1.11081300e+03
1.10756000e+03
1.11323600e+03
1.11661600e+03
1.11334000e+03
1.11084800e+03
1.10324900e+03
1.31063600e+03
1.49695000e+03
1.56089400e+03
1.60473200e+03
1.62626100e+03
1.61151900e+03
1.61149700e+03
1.60608300e+03
1.60608200e+03
1.58618900e+03
1.58430400e+03
1.59486500e+03
1.24866200e+03
1.11936900e+03
1.10578200e+03
1.11413500e+03
1.11808200e+03
1.11339800e+03
1.10943600e+03
1.11244100e+03
1.11099800e+03
1.11002500e+03
1.10582900e+03
1.11548700e+03
1.11540300e+03
1.10491000e+03
1.10967800e+03
1.11087400e+03
1.11605400e+03
1.10909700e+03
1.10337000e+03
1.10784500e+03
1.10784500e+03
1.11355300e+03
1.10868300e+03
1.11231400e+03
1.10893500e+03
1.11423300e+03
1.10576100e+03
1.09648400e+03
1.10155400e+03
1.10119500e+03
1.10275400e+03
1.09976700e+03
1.08863500e+03
1.09643400e+03
1.09757400e+03
1.09965700e+03
1.09344300e+03
1.09997100e+03
1.10128400e+03
1.10808600e+03
1.10302100e+03
1.10397500e+03
1.09539200e+03
1.10612300e+03
1.10202400e+03
1.10811900e+03
1.11159400e+03
1.11052400e+03
1.11011200e+03
1.10598600e+03
1.10518300e+03
1.10855800e+03
1.09913400e+03
1.09371500e+03
1.10169300e+03
1.10524700e+03
1.10818000e+03
1.10403600e+03
1.09732700e+03
1.10553000e+03
1.11283300e+03
1.10447100e+03
1.09972200e+03
1.11253600e+03
1.11027800e+03
1.32225100e+03
1.49500100e+03
1.56253300e+03
1.60348300e+03
1.61852800e+03
1.60885700e+03
1.61117900e+03
1.60962600e+03
1.59406000e+03
1.58096700e+03
1.57521400e+03
1.57891500e+03
1.23713700e+03
1.10806100e+03
1.10140400e+03
1.11119200e+03
1.11694000e+03
1.11175400e+03
1.11576000e+03
1.10889400e+03
1.12270400e+03
1.11429600e+03
1.11514500e+03
1.12327500e+03
1.12612300e+03
1.11597300e+03
1.12261300e+03
1.12383800e+03
1.12850400e+03
1.12351200e+03
1.11343200e+03
1.12082700e+03
1.11686200e+03
1.11958900e+03
1.10972600e+03
1.12281700e+03
1.11323600e+03
1.10728800e+03
1.09961100e+03
1.10639800e+03
1.11017300e+03
1.10275800e+03
1.09769600e+03
1.09907500e+03
1.10735500e+03
1.09852400e+03
1.10007700e+03
1.09313900e+03
1.10951000e+03
1.11030900e+03
1.09718800e+03
1.10437200e+03
1.10893500e+03
1.10657600e+03
1.09588800e+03
1.10635100e+03
1.10879500e+03
1.11701600e+03
1.10549300e+03
1.11089100e+03
1.10777500e+03
1.11336800e+03
1.10291700e+03
1.10949000e+03
1.11528700e+03
1.10801500e+03
1.10190200e+03
1.11086300e+03
1.10571300e+03
1.10618600e+03
1.09861000e+03
1.10854500e+03
1.10539900e+03
1.10130400e+03
1.28203100e+03
1.49943300e+03
1.60010700e+03
1.62625600e+03
1.61109900e+03
1.60535500e+03
1.59032200e+03
1.58323700e+03
1.58058700e+03
1.57752200e+03
1.21416800e+03
1.10607700e+03
1.09255200e+03
1.10657700e+03
1.10616600e+03
1.10618300e+03
1.10380700e+03
1.11401600e+03
1.11689000e+03
1.10449500e+03
1.11526600e+03
1.11253500e+03
1.10454200e+03
1.11397200e+03
1.11272800e+03
1.11605000e+03
1.11622200e+03
1.11231300e+03
1.10986400e+03
1.11095400e+03
1.10708200e+03
1.09696400e+03
1.09567500e+03
1.09446900e+03
1.09975600e+03
1.08854000e+03
1.09410700e+03
1.09293400e+03
1.09047000e+03
1.09295300e+03
1.09774500e+03
1.09564500e+03
1.09056800e+03
1.09443800e+03
1.09210500e+03
1.08932000e+03
1.08775200e+03
1.09014600e+03
1.09733400e+03
1.10187600e+03
1.10740000e+03
1.10832100e+03
1.11646700e+03
1.10794400e+03
1.10964200e+03
1.11387000e+03
1.11737000e+03
1.11393900e+03
1.10670700e+03
1.10796900e+03
1.10537200e+03
1.10063200e+03
1.11309600e+03
1.10724900e+03
1.10091100e+03
1.10826800e+03
1.11015400e+03
1.30774600e+03
1.50058900e+03
1.61381900e+03
1.61617700e+03
1.61208900e+03
1.59071900e+03
1.58719900e+03
1.58855100e+03
1.57346500e+03
1.15077800e+03
1.10629600e+03
1.09738800e+03
1.11085800e+03
1.10048300e+03
1.10449300e+03
1.11549800e+03
1.11294000e+03
1.11088700e+03
1.11509700e+03
1.10340100e+03
1.10854500e+03
1.10764700e+03
1.11347900e+03
1.10235500e+03
1.11306500e+03
1.11565600e+03
1.11369200e+03
1.10788400e+03
1.11879800e+03
1.10507200e+03
1.09365800e+03
1.09979500e+03
1.10189900e+03
1.09692300e+03
1.10268100e+03
1.10822800e+03
1.10561100e+03
1.09581000e+03
1.10425200e+03
1.10344800e+03
1.09648200e+03
1.09942000e+03
1.08922100e+03
1.10026100e+03
1.11023800e+03
1.11454400e+03
1.11833200e+03
1.11416700e+03
1.10857900e+03
1.12033500e+03
1.12794000e+03
1.11922600e+03
1.11209400e+03
1.12289700e+03
1.11778500e+03
1.11833200e+03
1.11062400e+03
1.11710400e+03
1.12558700e+03
1.12109800e+03
1.11555600e+03
1.11598500e+03
1.12276600e+03
1.11895400e+03
1.12140100e+03
1.41068600e+03
1.53250500e+03
1.57210400e+03
1.61089900e+03
1.61251900e+03
1.62476200e+03
1.61052200e+03
1.59179300e+03
1.59293600e+03
1.58598100e+03
1.59023800e+03
1.57142900e+03
1.14369900e+03
1.10387600e+03
1.10691800e+03
1.11076900e+03
1.10974200e+03
1.11064000e+03
1.10376100e+03
1.11720300e+03
1.11554500e+03
1.10427800e+03
1.11096700e+03
1.11061800e+03
1.11840900e+03
1.10721300e+03
1.10890500e+03
1.11146400e+03
1.11987000e+03
1.11185000e+03
1.10997300e+03
1.11756600e+03
1.12224700e+03
1.12401800e+03
1.09755700e+03
1.10500700e+03
1.10135700e+03
1.10717600e+03
1.09576300e+03
1.09850100e+03
1.10696700e+03
1.09955400e+03
1.09947200e+03
1.09087300e+03
1.09693600e+03
1.09625800e+03
1.09411700e+03
1.08735900e+03
1.09441000e+03
1.10170300e+03
1.09530800e+03
1.09910700e+03
1.09097300e+03
1.10674000e+03
1.11890700e+03
1.11721600e+03
1.11660300e+03
1.11626200e+03
1.12619200e+03
1.12346100e+03
1.12257600e+03
1.11681400e+03
1.12766500e+03
1.12793700e+03
1.11398600e+03
1.11971300e+03
1.11298400e+03
1.11571700e+03
1.11451700e+03
1.10956300e+03
1.11428600e+03
1.11997800e+03
1.11363600e+03
1.37022600e+03
1.51906900e+03
1.58291900e+03
1.60350300e+03
1.61906800e+03
1.62517100e+03
1.61145800e+03
1.60398000e+03
1.58669200e+03
1.58345300e+03
1.57807100e+03
1.57611200e+03
1.14879300e+03
1.11208800e+03
1.10483900e+03
1.11267800e+03
1.11069300e+03
1.11843200e+03
1.11302400e+03
1.10379300e+03
1.11052200e+03
1.11588500e+03
1.11713300e+03
1.10512100e+03
1.10521800e+03
1.11389600e+03
1.11192000e+03
1.10681800e+03
1.11065200e+03
1.10987000e+03
1.11505200e+03
1.10911300e+03
1.10923000e+03
1.09888200e+03
1.10496900e+03
1.09897100e+03
1.09336900e+03
1.10696700e+03
1.10472400e+03
1.09944100e+03
1.09298400e+03
1.10435500e+03
1.10094000e+03
1.09145400e+03
1.10435800e+03
1.10186200e+03
1.09965900e+03
1.09523300e+03
1.09775400e+03
1.10965700e+03
1.10131000e+03
1.10916000e+03
1.12236000e+03
1.13293600e+03
1.12306800e+03
1.12336500e+03
1.12005700e+03
1.12538200e+03
1.12304200e+03
1.11594300e+03
1.11839600e+03
1.12138600e+03
1.11769900e+03
1.11025100e+03
1.11906900e+03
1.11678300e+03
1.11962600e+03
1.11265200e+03
1.12135000e+03
1.11186800e+03
1.11167500e+03
1.20708400e+03
1.50408400e+03
1.55431900e+03
1.60042300e+03
1.62969800e+03
1.63710600e+03
1.62671300e+03
1.60363200e+03
1.60172200e+03
1.59949400e+03
1.58700300e+03
1.57319900e+03
1.31063200e+03
1.11902200e+03
1.12020500e+03
1.11027700e+03
1.11555000e+03
1.12088500e+03
1.11674100e+03
1.11241000e+03
1.11563200e+03
1.12496500e+03
1.11649900e+03
1.11327600e+03
1.10905800e+03
1.12120900e+03
1.11604400e+03
1.12091000e+03
1.11256800e+03
1.12377400e+03
1.11395400e+03
1.11830000e+03
1.10133100e+03
1.10983100e+03
1.10302300e+03
1.10782300e+03
1.09885200e+03
1.10289600e+03
1.09982500e+03
1.10690900e+03
1.10263500e+03
1.10340100e+03
1.11133600e+03
1.10583800e+03
1.11016100e+03
1.09885400e+03
1.11072000e+03
1.10745900e+03
1.10857600e+03
1.10138700e+03
1.11549000e+03
1.12748800e+03
1.12741900e+03
1.11783200e+03
1.12811300e+03
1.13260100e+03
1.12330900e+03
1.12800000e+03
1.12902300e+03
1.13317900e+03
1.12064100e+03
1.12496300e+03
1.12438200e+03
1.12776700e+03
1.11576900e+03
1.12249000e+03
1.12646000e+03
1.12346500e+03
1.12620000e+03
1.11820600e+03
1.34779500e+03
1.52240400e+03
1.57574500e+03
1.60478400e+03
1.63929600e+03
1.63115000e+03
1.62090700e+03
1.60268200e+03
1.59818900e+03
1.60456700e+03
1.59189200e+03
1.50137600e+03
1.12435200e+03
1.12074800e+03
1.12688400e+03
1.12160300e+03
1.12551100e+03
1.11566400e+03
1.12006700e+03
1.12749600e+03
1.12134200e+03
1.12387800e+03
1.11560300e+03
1.12610100e+03
1.12494300e+03
1.11954900e+03
1.11834200e+03
1.11690600e+03
1.12268200e+03
1.12084900e+03
1.11805100e+03
1.11150200e+03
1.12036700e+03
1.11036700e+03
1.10460000e+03
1.09763400e+03
1.10151100e+03
1.10461900e+03
1.09519400e+03
1.09656500e+03
1.08749600e+03
1.10260400e+03
1.10477200e+03
1.09603300e+03
1.09825600e+03
1.10227700e+03
1.10494200e+03
1.09631100e+03
1.10358700e+03
1.10642900e+03
1.10915400e+03
1.10418500e+03
1.11256900e+03
1.12366500e+03
1.12576400e+03
1.11248900e+03
1.11833600e+03
1.11867000e+03
1.10958800e+03
1.11472200e+03
1.11366200e+03
1.10469900e+03
1.11220500e+03
1.11803300e+03
1.11736100e+03
1.11058700e+03
1.12042900e+03
1.12209400e+03
1.12273200e+03
1.10918200e+03
1.12604700e+03
1.11823500e+03
1.29864500e+03
1.50406100e+03
1.56868800e+03
1.59327700e+03
1.62291800e+03
1.62581800e+03
1.61820700e+03
1.59565000e+03
1.60230700e+03
1.58514400e+03
1.57036400e+03
1.16866200e+03
1.11985600e+03
1.11304100e+03
1.11729700e+03
1.12397200e+03
1.11669900e+03
1.11540800e+03
1.10848400e+03
1.11978200e+03
1.10874700e+03
1.11353600e+03
1.10842300e+03
1.11367400e+03
1.10994600e+03
1.10891200e+03
1.10089200e+03
1.11421400e+03
1.10785400e+03
1.10653300e+03
1.11388900e+03
1.10368600e+03
1.09777500e+03
1.10390100e+03
1.10893100e+03
1.10063200e+03
1.10854400e+03
1.11111600e+03
1.10726600e+03
1.10112900e+03
1.10511000e+03
1.11321700e+03
1.10751400e+03
1.10606400e+03
1.10844400e+03
1.10707400e+03
1.09760200e+03
1.09072800e+03
1.11017600e+03
1.11651200e+03
1.10973100e+03
1.11812400e+03
1.11964200e+03
1.12450100e+03
1.11246900e+03
1.11684300e+03
1.12065100e+03
1.11688800e+03
1.11850100e+03
1.12233600e+03
1.12341100e+03
1.12078500e+03
1.12695100e+03
1.12279300e+03
1.12157900e+03
1.11607700e+03
1.50184000e+03
1.60814700e+03
1.62274300e+03
1.60525900e+03
1.60752600e+03
1.60496800e+03
1.58044300e+03
1.57382600e+03
1.19297600e+03
1.10967800e+03
1.10445300e+03
1.11317600e+03
1.11028000e+03
1.11537000e+03
1.10841900e+03
1.10277700e+03
1.10821400e+03
1.10871400e+03
1.10710900e+03
1.09651800e+03
1.09802200e+03
1.10055000e+03
1.10784800e+03
1.10384000e+03
1.09848000e+03
1.10939000e+03
1.10457600e+03
1.10427700e+03
1.09676000e+03
1.10411900e+03
1.09898900e+03
1.09453100e+03
1.08944200e+03
1.09488900e+03
1.09946900e+03
1.09612800e+03
1.09354100e+03
1.09636200e+03
1.10752300e+03
1.10567900e+03
1.11021000e+03
1.10231900e+03
1.11498000e+03
1.11281300e+03
1.10306400e+03
1.11111000e+03
1.10959200e+03
1.10956700e+03
1.10240000e+03
1.10729400e+03
1.11699300e+03
1.11188200e+03
1.10729500e+03
1.11482600e+03
1.12189600e+03
1.10880100e+03
1.11048200e+03
1.10726400e+03
1.11062700e+03
1.10338300e+03
1.11484000e+03
1.11219400e+03
1.10593200e+03
1.09965000e+03
1.10136500e+03
1.10849300e+03
1.10704800e+03
1.33449200e+03
1.51064800e+03
1.57072600e+03
1.59482500e+03
1.62307200e+03
1.62527500e+03
1.62000500e+03
1.59863800e+03
1.60497900e+03
1.59514600e+03
1.59614600e+03
1.54143300e+03
1.11740300e+03
1.12433300e+03
1.11820600e+03
1.11587600e+03
1.10744800e+03
1.11602700e+03
1.11411000e+03
1.12092600e+03
1.10884600e+03
1.11706200e+03
1.11832600e+03
1.11519200e+03
1.10575700e+03
1.10975400e+03
1.11399200e+03
1.10987500e+03
1.11022600e+03
1.11261900e+03
1.10762300e+03
1.10915600e+03
1.10633300e+03
1.10645900e+03
1.09545300e+03
1.10400600e+03
1.10200700e+03
1.10615700e+03
1.09494300e+03
1.09585900e+03
1.09644300e+03
1.10357400e+03
1.09452300e+03
1.09931800e+03
1.10800600e+03
1.10192500e+03
1.09801000e+03
1.09763500e+03
1.10262600e+03
1.09606000e+03
1.09138000e+03
1.11134600e+03
1.10649100e+03
1.11168600e+03
1.11733500e+03
1.10899700e+03
1.11610300e+03
1.11468900e+03
1.11062800e+03
1.11220300e+03
1.11203600e+03
1.11745600e+03
1.11122600e+03
1.10779800e+03
1.11401800e+03
1.11292400e+03
1.10651900e+03
1.14479900e+03
1.47309900e+03
1.53928200e+03
1.58830900e+03
1.61917900e+03
1.61223200e+03
1.61763900e+03
1.61315700e+03
1.61467100e+03
1.59292400e+03
1.59359900e+03
1.59145900e+03
1.38951000e+03
1.12489400e+03
1.11116800e+03
1.12315400e+03
1.11755300e+03
1.11905700e+03
1.10832500e+03
1.11211700e+03
1.11006000e+03
1.10887000e+03
1.10342300e+03
1.11062500e+03
1.10750400e+03
1.10550600e+03
1.10119200e+03
1.11330700e+03
1.10962300e+03
1.11192700e+03
1.10888400e+03
1.11622800e+03
1.11230700e+03
1.09752500e+03
1.10223400e+03
1.09376600e+03
1.08958000e+03
1.10030500e+03
1.09744000e+03
1.09829200e+03
1.09136900e+03
1.10079300e+03
1.09852900e+03
1.10330900e+03
1.09445900e+03
1.09822400e+03
1.09199300e+03
1.08769900e+03
1.08220300e+03
1.09455300e+03
1.09117400e+03
1.09561500e+03
1.10442300e+03
1.10822100e+03
1.10300600e+03
1.09731000e+03
1.10929400e+03
1.10956400e+03
1.11354100e+03
1.10124400e+03
1.11237700e+03
1.11199700e+03
1.11642700e+03
1.11063500e+03
1.10728800e+03
1.11197900e+03
1.11002700e+03
1.11331800e+03
1.10569100e+03
1.11184900e+03
1.11781500e+03
1.11003600e+03
1.31399900e+03
1.50522500e+03
1.55137400e+03
1.60135400e+03
1.61786800e+03
1.61789200e+03
1.59809100e+03
1.59500900e+03
1.58020300e+03
1.58505300e+03
1.58668700e+03
1.15341000e+03
1.10876900e+03
1.09992400e+03
1.10549400e+03
1.11052000e+03
1.10795800e+03
1.10183300e+03
1.09402000e+03
1.09153500e+03
1.09854000e+03
1.10502400e+03
1.11311300e+03
1.11080600e+03
1.10374000e+03
1.09948800e+03
1.10896500e+03
1.10854100e+03
1.10779700e+03
1.10452100e+03
1.09426700e+03
1.10700100e+03
1.10699200e+03
1.09900400e+03
1.09412200e+03
1.09403600e+03
1.08509100e+03
1.09439200e+03
1.09877400e+03
1.09506900e+03
1.09297600e+03
1.08824900e+03
1.09490100e+03
1.09817500e+03
1.09713600e+03
1.09367400e+03
1.08832900e+03
1.09376700e+03
1.09899000e+03
1.09189500e+03
1.08956900e+03
1.08498300e+03
1.11364200e+03
1.10345500e+03
1.10423300e+03
1.09261700e+03
1.10309700e+03
1.10892200e+03
1.10285000e+03
1.10507200e+03
1.09792800e+03
1.10911000e+03
1.11672800e+03
1.11272500e+03
1.11651400e+03
1.11337200e+03
1.12090200e+03
1.11547400e+03
1.11325400e+03
1.10574700e+03
1.11244500e+03
1.11724500e+03
1.41723000e+03
1.51226600e+03
1.57378900e+03
1.60946300e+03
1.60392000e+03
1.61048000e+03
1.58427700e+03
1.57822000e+03
1.10992000e+03
1.10482500e+03
1.09805000e+03
1.10696800e+03
1.10307200e+03
1.09265600e+03
1.11185600e+03
1.11538000e+03
1.10852700e+03
1.10372900e+03
1.10872900e+03
1.11439900e+03
1.11727500e+03
1.10932100e+03
1.11066700e+03
1.11296300e+03
1.11781900e+03
1.11205200e+03
1.10753800e+03
1.11012100e+03
1.10452700e+03
1.10765100e+03
1.09934400e+03
1.09623800e+03
1.10293400e+03
1.10966700e+03
1.09961000e+03
1.09374200e+03
1.10507000e+03
1.10208500e+03
1.10719900e+03
1.09743600e+03
1.09509800e+03
1.10328200e+03
1.10484200e+03
1.10405200e+03
1.09454800e+03
1.10363500e+03
1.10268400e+03
1.11572500e+03
1.11747100e+03
1.11086700e+03
1.11815100e+03
1.11597300e+03
1.11960700e+03
1.11023900e+03
1.11372600e+03
1.11874000e+03
1.11232600e+03
1.11431600e+03
1.10185900e+03
1.10857800e+03
1.10792700e+03
1.11493900e+03
1.10737300e+03
1.11009900e+03
1.11786900e+03
1.11532900e+03
1.12046900e+03
1.38043600e+03
1.52759700e+03
1.56586300e+03
1.60903400e+03
1.62330900e+03
1.63058900e+03
1.61003300e+03
1.60734000e+03
1.59870600e+03
1.60312300e+03
1.58582500e+03
1.53869200e+03
1.11675600e+03
1.11464000e+03
1.12019200e+03
1.10976800e+03
1.11076200e+03
1.11089600e+03
1.11312500e+03
1.11044700e+03
1.10165700e+03
1.11553200e+03
1.11454800e+03
1.11807200e+03
1.10855600e+03
1.12162100e+03
1.11936700e+03
1.12185700e+03
1.11369700e+03
1.12388100e+03
1.12320800e+03
1.11852600e+03
1.12060600e+03
1.11210600e+03
1.11404000e+03
1.11171500e+03
1.10886700e+03
1.10451100e+03
1.10669500e+03
1.11019000e+03
1.10370500e+03
1.09947400e+03
1.10251800e+03
1.10936100e+03
1.09983700e+03
1.10275600e+03
1.09753900e+03
1.10693800e+03
1.10267800e+03
1.09479500e+03
1.09741000e+03
1.09971000e+03
1.10527400e+03
1.11975600e+03
1.11141000e+03
1.11585800e+03
1.11356200e+03
1.10790700e+03
1.11645600e+03
1.11270700e+03
1.11425100e+03
1.10248900e+03
1.10778600e+03
1.11392000e+03
1.10934900e+03
1.10559900e+03
1.10111700e+03
1.11299100e+03
1.11146400e+03
1.10567800e+03
1.10218300e+03
1.09853500e+03
1.10925200e+03
1.35587500e+03
1.50379700e+03
1.55184400e+03
1.60408600e+03
1.61472800e+03
1.61402600e+03
1.59393500e+03
1.60168300e+03
1.59967400e+03
1.58186900e+03
1.58297300e+03
1.56006800e+03
1.11861800e+03
1.12031900e+03
1.11121300e+03
1.11486300e+03
1.11066100e+03
1.11992300e+03
1.11523100e+03
1.11467000e+03
1.10584800e+03
1.11785300e+03
1.11521400e+03
1.10975100e+03
1.11123900e+03
1.10982000e+03
1.11861700e+03
1.11092600e+03
1.11196400e+03
1.11522400e+03
1.12121500e+03
1.12106700e+03
1.11379900e+03
1.11222500e+03
1.10421900e+03
1.10883800e+03
1.09597700e+03
1.10053200e+03
1.10244400e+03
1.10864200e+03
1.10311300e+03
1.10456800e+03
1.10162300e+03
1.10199400e+03
1.10055600e+03
1.10663100e+03
1.10665100e+03
1.10592900e+03
1.09772100e+03
1.10841000e+03
1.10550300e+03
1.10132200e+03
1.11225400e+03
1.11536900e+03
1.12291600e+03
1.11024400e+03
1.11301300e+03
1.11188800e+03
1.11412500e+03
1.10251400e+03
1.11098200e+03
1.10945100e+03
1.11450600e+03
1.10183600e+03
1.10511100e+03
1.11311200e+03
1.10855100e+03
1.11435600e+03
1.10686600e+03
1.12222900e+03
1.11740100e+03
1.12944900e+03
1.47535700e+03
1.54804100e+03
1.58361700e+03
1.61076100e+03
1.61648800e+03
1.62697200e+03
1.60969300e+03
1.59904800e+03
1.59667500e+03
1.59591700e+03
1.58990100e+03
1.44090500e+03
1.11590400e+03
1.12105700e+03
1.12459600e+03
1.12122100e+03
1.10935900e+03
1.11442300e+03
1.11727600e+03
1.12043700e+03
1.10713900e+03
1.11670500e+03
1.11294700e+03
1.11707800e+03
1.10324700e+03
1.11397600e+03
1.11343500e+03
1.11385000e+03
1.10946700e+03
1.11878300e+03
1.11656700e+03
1.11466500e+03
1.11078100e+03
1.10855400e+03
1.10603400e+03
1.09273100e+03
1.09702900e+03
1.10148400e+03
1.10411800e+03
1.09240900e+03
1.09890100e+03
1.09273600e+03
1.09220400e+03
1.09084400e+03
1.09948400e+03
1.09475300e+03
1.09482100e+03
1.09177000e+03
1.09964700e+03
1.09863200e+03
1.10172200e+03
1.09450800e+03
1.10601700e+03
1.11905600e+03
1.11427400e+03
1.11908400e+03
1.12253500e+03
1.11913100e+03
1.11009600e+03
1.12058300e+03
1.11414800e+03
1.11285600e+03
1.10475200e+03
1.11832500e+03
1.11347600e+03
1.11007300e+03
1.10493000e+03
1.11602700e+03
1.11228600e+03
1.11214400e+03
1.11001500e+03
1.12986100e+03
1.47887600e+03
1.58801600e+03
1.62351400e+03
1.62163700e+03
1.60110400e+03
1.60872200e+03
1.59257900e+03
1.59028700e+03
1.57013700e+03
1.58051600e+03
1.42440900e+03
1.10982400e+03
1.10061400e+03
1.10708300e+03
1.11480200e+03
1.10747500e+03
1.10891200e+03
1.10401500e+03
1.11429000e+03
1.11507300e+03
1.11271100e+03
1.10711300e+03
1.10960300e+03
1.11522200e+03
1.11194500e+03
1.11561900e+03
1.10500500e+03
1.11031100e+03
1.11387100e+03
1.10981500e+03
1.11152400e+03
1.10246900e+03
1.10191500e+03
1.10470600e+03
1.09971900e+03
1.09085100e+03
1.09362600e+03
1.10349900e+03
1.10441100e+03
1.09952800e+03
1.09355100e+03
1.09589400e+03
1.10394700e+03
1.10074700e+03
1.10049600e+03
1.09421200e+03
1.10364100e+03
1.10455100e+03
1.09754300e+03
1.10448200e+03
1.09991000e+03
1.09959100e+03
1.11113800e+03
1.11208200e+03
1.11541700e+03
1.11925600e+03
1.11576400e+03
1.11979700e+03
1.12296500e+03
1.12422200e+03
1.12359400e+03
1.11335400e+03
1.11498300e+03
1.11169500e+03
1.11418900e+03
1.11715400e+03
1.11266600e+03
1.11188700e+03
1.11303000e+03
1.10948500e+03
1.12139500e+03
1.22370500e+03
1.49785300e+03
1.54332800e+03
1.59439100e+03
1.62617100e+03
1.62494500e+03
1.62260900e+03
1.59709200e+03
1.58566100e+03
1.58708000e+03
1.58160600e+03
1.58892300e+03
1.31754800e+03
1.10609100e+03
1.11131700e+03
1.11232700e+03
1.11685700e+03
1.11588400e+03
1.10254700e+03
1.10522600e+03
1.11132100e+03
1.11596800e+03
1.10835400e+03
1.10038300e+03
1.10648500e+03
1.11426400e+03
1.10368300e+03
1.10816400e+03
1.10440800e+03
1.10702300e+03
1.09664600e+03
1.10640100e+03
1.10796800e+03
1.09218600e+03
1.08447600e+03
1.08721500e+03
1.09345500e+03
1.08853400e+03
1.08854300e+03
1.07970800e+03
1.08399800e+03
1.09107000e+03
1.08826900e+03
1.08816400e+03
1.08386600e+03
1.09438800e+03
1.09660300e+03
1.09401700e+03
1.08785500e+03
1.09438100e+03
1.09774400e+03
1.09169500e+03
1.09925600e+03
1.10565700e+03
1.11429000e+03
1.10780900e+03
1.11117400e+03
1.10807100e+03
1.10915600e+03
1.11504200e+03
1.11247700e+03
1.10898900e+03
1.10449200e+03
1.10994100e+03
1.11640400e+03
1.11735500e+03
1.11600000e+03
1.11248500e+03
1.10622200e+03
1.11127700e+03
1.11126400e+03
1.11217700e+03
1.35855900e+03
1.50864300e+03
1.56781800e+03
1.60069100e+03
1.61769200e+03
1.61982700e+03
1.60012800e+03
1.59516800e+03
1.58722300e+03
1.58334000e+03
1.58623900e+03
1.57591700e+03
1.12465400e+03
1.11033300e+03
1.10467900e+03
1.11042000e+03
1.11194500e+03
1.10796000e+03
1.11463900e+03
1.10508800e+03
1.11039200e+03
1.11595400e+03
1.11174900e+03
1.11344800e+03
1.10617900e+03
1.11152700e+03
1.11254900e+03
1.11905900e+03
1.11814200e+03
1.10654300e+03
1.11703100e+03
1.12135800e+03
1.11702500e+03
1.09727500e+03
1.09611400e+03
1.09907600e+03
1.10289500e+03
1.09778100e+03
1.08849000e+03
1.09976400e+03
1.09675600e+03
1.09448300e+03
1.09103900e+03
1.10172000e+03
1.09958600e+03
1.09970000e+03
1.09220600e+03
1.10755100e+03
1.10420800e+03
1.09952000e+03
1.09457400e+03
1.10329800e+03
1.11363900e+03
1.10166400e+03
1.11065300e+03
1.11365600e+03
1.11059800e+03
1.10006000e+03
1.10996300e+03
1.10545000e+03
1.11123600e+03
1.10270700e+03
1.10778000e+03
1.10745800e+03
1.10026900e+03
1.09924900e+03
1.10238000e+03
1.10934800e+03
1.10592400e+03
1.11058300e+03
1.10247800e+03
1.11264900e+03
1.35581500e+03
1.51694200e+03
1.56366000e+03
1.60845600e+03
1.61880300e+03
1.60629700e+03
1.60805300e+03
1.59897100e+03
1.60015800e+03
1.58993800e+03
1.58076600e+03
1.57445500e+03
1.16410100e+03
1.11312000e+03
1.11678500e+03
1.11187100e+03
1.11840300e+03
1.10917100e+03
1.11496300e+03
1.11149900e+03
1.11536400e+03
1.11433500e+03
1.10740700e+03
1.10485200e+03
1.10946400e+03
1.11308600e+03
1.11496800e+03
1.11273500e+03
1.11382400e+03
1.10898100e+03
1.11718500e+03
1.11706200e+03
1.11435200e+03
1.09846300e+03
1.09305100e+03
1.10081700e+03
1.09487600e+03
1.09230800e+03
1.08664000e+03
1.09120100e+03
1.10164000e+03
1.09567500e+03
1.08487100e+03
1.09188200e+03
1.09258300e+03
1.09392800e+03
1.10103200e+03
1.11516600e+03
1.10145500e+03
1.11111200e+03
1.11493500e+03
1.10927600e+03
1.10722100e+03
1.09985700e+03
1.10948100e+03
1.10427600e+03
1.10969200e+03
1.09958500e+03
1.10898300e+03
1.11277500e+03
1.10550200e+03
1.10672900e+03
1.10815900e+03
1.11453600e+03
1.11363000e+03
1.21623800e+03
1.48944400e+03
1.55424100e+03
1.58332100e+03
1.61491400e+03
1.61661200e+03
1.61656100e+03
1.59534100e+03
1.59112700e+03
1.58569700e+03
1.58588000e+03
1.57542300e+03
1.26859400e+03
1.10275500e+03
1.10933500e+03
1.11199100e+03
1.10937000e+03
1.10091700e+03
1.10007900e+03
1.10460400e+03
1.10864600e+03
1.10724800e+03
1.10289800e+03
1.10398900e+03
1.09354000e+03
1.10594400e+03
1.10745800e+03
1.10937700e+03
1.10297100e+03
1.10285000e+03
1.09594300e+03
1.09848400e+03
1.10342200e+03
1.09416100e+03
1.09069700e+03
1.09843500e+03
1.09302100e+03
1.08933200e+03
1.09514700e+03
1.09559900e+03
1.09948000e+03
1.09863000e+03
1.09578100e+03
1.09401100e+03
1.08833800e+03
1.09552600e+03
1.09271400e+03
1.10078700e+03
1.09765700e+03
1.09024300e+03
1.08905200e+03
1.08838900e+03
1.09643100e+03
1.11179000e+03
1.11517600e+03
1.10360600e+03
1.10534600e+03
1.10087200e+03
1.10492300e+03
1.10823800e+03
1.10409600e+03
1.10911600e+03
1.10717100e+03
1.10051500e+03
1.09026000e+03
1.09489100e+03
1.09150700e+03
1.09715500e+03
1.09153100e+03
1.08967800e+03
1.09470900e+03
1.09263600e+03
1.10177900e+03
1.10248600e+03
1.09881300e+03
1.09895300e+03
1.09420300e+03
1.10455100e+03
1.10443400e+03
1.10132400e+03
1.09672100e+03
1.09159200e+03
1.10307800e+03
1.10205900e+03
1.09821100e+03
1.09133300e+03
1.10073200e+03
1.09937000e+03
1.10058300e+03
1.09490500e+03
1.10408200e+03
1.10461100e+03
1.09259500e+03
1.09736900e+03
1.09883800e+03
1.10558600e+03
1.09591700e+03
1.10366900e+03
1.10570700e+03
1.10910100e+03
1.10061800e+03
1.10499100e+03
1.11010000e+03
1.10572900e+03
1.10085400e+03
1.10113500e+03
1.10749400e+03
1.10436600e+03
1.09672700e+03
1.09980200e+03
1.10069800e+03
1.08437600e+03
1.08923300e+03
1.08960500e+03
1.09813700e+03
1.08401700e+03
1.08911000e+03
1.08605800e+03
1.09258200e+03
1.09797000e+03
1.41106000e+03
1.45530400e+03
1.50415900e+03
1.54251000e+03
1.59454300e+03
1.60842500e+03
1.61220900e+03
1.59731600e+03
1.60553900e+03
1.60163900e+03
1.58524700e+03
1.58436600e+03
1.58649700e+03
1.58079900e+03
1.47475200e+03
1.10329200e+03
1.10255300e+03
1.11135000e+03
1.11344600e+03
1.10272000e+03
1.10904500e+03
1.10800500e+03
1.11854200e+03
1.11310200e+03
1.10690900e+03
1.10595000e+03
1.10479400e+03
1.09694100e+03
1.09106900e+03
1.10228600e+03
1.09887600e+03
1.10350500e+03
1.09753900e+03
1.09642200e+03
1.10540600e+03
1.10543600e+03
1.11191900e+03
1.10570100e+03
1.11168100e+03
1.11104800e+03
1.11518800e+03
1.11359300e+03
1.10716300e+03
1.09947200e+03
1.10339600e+03
1.10886200e+03
1.10815000e+03
1.10426300e+03
1.10518100e+03
1.10908600e+03
1.11247700e+03
1.11274000e+03
1.10271000e+03
1.10803100e+03
1.09954500e+03
1.11358200e+03
1.11895100e+03
1.10570200e+03
1.10364800e+03
1.09719300e+03
1.10944200e+03
1.11257300e+03
1.12132300e+03
1.48504700e+03
1.55554400e+03
1.58900600e+03
1.61265000e+03
1.62784100e+03
1.62413600e+03
1.62292000e+03
1.61561900e+03
1.60155200e+03
1.58381900e+03
1.58288500e+03
1.11842700e+03
1.11137500e+03
1.10443000e+03
1.11601900e+03
1.11410700e+03
1.10436100e+03
1.11184900e+03
1.11286100e+03
1.11180600e+03
1.11252800e+03
1.09854100e+03
1.10413400e+03
1.10911900e+03
1.10187500e+03
1.10625400e+03
1.09836700e+03
1.09017800e+03
1.09432600e+03
1.09746900e+03
1.09701900e+03
1.08891200e+03
1.09077900e+03
1.09966700e+03
1.10896300e+03
1.10912700e+03
1.09777900e+03
1.10571400e+03
1.11012300e+03
1.10874200e+03
1.10038700e+03
1.10474800e+03
1.10653000e+03
1.11439300e+03
1.10467900e+03
1.10679900e+03
1.11603800e+03
1.10975900e+03
1.10772800e+03
1.10580700e+03
1.11795500e+03
1.11272900e+03
1.11263600e+03
1.10138200e+03
1.10634500e+03
1.18266400e+03
1.50541700e+03
1.55019000e+03
1.60313400e+03
1.62907000e+03
1.61518500e+03
1.61552400e+03
1.60647700e+03
1.60811500e+03
1.59443300e+03
1.58192900e+03
1.59210200e+03
1.41845800e+03
1.12675800e+03
1.12875900e+03
1.12645900e+03
1.12701000e+03
1.11753700e+03
1.09080500e+03
1.10564000e+03
1.10411000e+03
1.09960700e+03
1.09800700e+03
1.08811500e+03
1.08173100e+03
1.08734500e+03
1.07900000e+03
1.10015300e+03
1.10011000e+03
1.11122500e+03
1.10742300e+03
1.10082700e+03
1.10196500e+03
1.10639400e+03
1.10963200e+03
1.11600700e+03
1.10749900e+03
1.11311000e+03
1.10966800e+03
1.11764400e+03
1.11411300e+03
1.10908300e+03
1.11633300e+03
1.11592100e+03
1.11576000e+03
1.10686500e+03
1.11452500e+03
1.11549300e+03
1.11476600e+03
1.10129700e+03
1.10808100e+03
1.10620000e+03
1.11060600e+03
1.09952700e+03
1.10016800e+03
1.10686800e+03
1.10111800e+03
1.32542300e+03
1.52170900e+03
1.58796800e+03
1.60687300e+03
1.62329300e+03
1.62136000e+03
1.62214100e+03
1.60385600e+03
1.60054000e+03
1.58896000e+03
1.59674500e+03
1.55241700e+03
1.11239200e+03
1.11956200e+03
1.11628600e+03
1.11649700e+03
1.11021400e+03
1.12016100e+03
1.12013500e+03
1.12285400e+03
1.11003200e+03
1.12100800e+03
1.11783400e+03
1.10726000e+03
1.09519100e+03
1.10705600e+03
1.10541400e+03
1.10715500e+03
1.10438200e+03
1.10626000e+03
1.10997500e+03
1.10438700e+03
1.10830900e+03
1.10170200e+03
1.11292400e+03
1.11484200e+03
1.10502000e+03
1.11098000e+03
1.10940700e+03
1.11479500e+03
1.10815800e+03
1.10901400e+03
1.10871800e+03
1.11247800e+03
1.11032000e+03
1.10897400e+03
1.10104600e+03
1.10623700e+03
1.10934900e+03
1.10449000e+03
1.10218600e+03
1.10389200e+03
1.11272700e+03
1.10649300e+03
1.11114800e+03
1.10670000e+03
1.11443100e+03
1.13557400e+03
1.49206300e+03
1.54876100e+03
1.58904400e+03
1.61561300e+03
1.62735300e+03
1.61505800e+03
1.61147400e+03
1.59132200e+03
1.59744600e+03
1.59906100e+03
1.58833900e+03
1.43071400e+03
1.11924100e+03
1.11404400e+03
1.12207800e+03
1.12052600e+03
1.11769200e+03
1.11138900e+03
1.11619000e+03
1.11940000e+03
1.12481200e+03
1.12082000e+03
1.11457600e+03
1.10962300e+03
1.10472700e+03
1.10790100e+03
1.10066900e+03
1.09464700e+03
1.09852500e+03
1.09964300e+03
1.09580900e+03
1.09447800e+03
1.10307500e+03
1.10728400e+03
1.10941800e+03
1.10041300e+03
1.09842700e+03
1.10422400e+03
1.10635700e+03
1.10234600e+03
1.09073200e+03
1.09792500e+03
1.09712900e+03
1.10242900e+03
1.09239800e+03
1.09608400e+03
1.09474400e+03
1.10259000e+03
1.09760400e+03
1.10080100e+03
1.10138900e+03
1.10697600e+03
1.10070400e+03
1.09475600e+03
1.10667600e+03
1.10996700e+03
1.13370200e+03
1.48722200e+03
1.55557700e+03
1.60357700e+03
1.62211200e+03
1.62442400e+03
1.63573500e+03
1.60771200e+03
1.59492500e+03
1.60382300e+03
1.31808000e+03
1.12046900e+03
1.12600700e+03
1.11282400e+03
1.12436700e+03
1.12170300e+03
1.12837100e+03
1.11710800e+03
1.12432300e+03
1.12583800e+03
1.11682800e+03
1.10715800e+03
1.11122200e+03
1.11367200e+03
1.11834700e+03
1.12175300e+03
1.11148600e+03
1.11630300e+03
1.11535100e+03
1.11922900e+03
1.10640100e+03
1.10490200e+03
1.11632200e+03
1.11349800e+03
1.11645300e+03
1.10733500e+03
1.11792300e+03
1.11261200e+03
1.10772800e+03
1.10931500e+03
1.11826500e+03
1.10965600e+03
1.11267900e+03
1.10276800e+03
1.11059700e+03
1.11282900e+03
1.10768600e+03
1.10421700e+03
1.10166500e+03
1.11054000e+03
1.11096000e+03
1.11733500e+03
1.11014400e+03
1.11842100e+03
1.12474800e+03
1.12486900e+03
1.26620100e+03
1.50809300e+03
1.61687500e+03
1.62411200e+03
1.62885800e+03
1.61184400e+03
1.61250200e+03
1.60966100e+03
1.59700700e+03
1.59010000e+03
1.58204100e+03
1.24079100e+03
1.12162700e+03
1.13169200e+03
1.12364400e+03
1.11571900e+03
1.12224300e+03
1.12394300e+03
1.13255600e+03
1.11994500e+03
1.12392500e+03
1.13139600e+03
1.12479100e+03
1.11566400e+03
1.10541200e+03
1.11222800e+03
1.11071700e+03
1.11125000e+03
1.11255500e+03
1.10286500e+03
1.11069500e+03
1.10920200e+03
1.11461600e+03
1.11138800e+03
1.09748700e+03
1.10757500e+03
1.10605200e+03
1.11070200e+03
1.10084900e+03
1.10685400e+03
1.11131300e+03
1.10612300e+03
1.10713100e+03
1.09542600e+03
1.10575400e+03
1.10016200e+03
1.10430800e+03
1.09645200e+03
1.10614300e+03
1.10192900e+03
1.10559900e+03
1.09428600e+03
1.10449900e+03
1.09861800e+03
1.11052700e+03
1.11354400e+03
1.11934500e+03
1.10929800e+03
1.20054500e+03
1.48610100e+03
1.55369700e+03
1.60296300e+03
1.61967000e+03
1.62319000e+03
1.60855600e+03
1.61376100e+03
1.59939700e+03
1.59147400e+03
1.57879500e+03
1.58904800e+03
1.33394800e+03
1.11213600e+03
1.10904900e+03
1.10489900e+03
1.10266400e+03
1.11180000e+03
1.11092600e+03
1.11618200e+03
1.11255100e+03
1.10443000e+03
1.11474600e+03
1.11613200e+03
1.11898900e+03
1.10868100e+03
1.10614900e+03
1.11555000e+03
1.11385600e+03
1.11935700e+03
1.11817700e+03
1.10834700e+03
1.11528200e+03
1.11807500e+03
1.11731800e+03
1.11188800e+03
1.10353500e+03
1.10897000e+03
1.10989300e+03
1.11306300e+03
1.11050600e+03
1.10139100e+03
1.10900600e+03
1.10641600e+03
1.11362600e+03
1.10499000e+03
1.09805800e+03
1.10388800e+03
1.10638600e+03
1.11350300e+03
1.10754300e+03
1.10620900e+03
1.10361500e+03
1.11010800e+03
1.10839100e+03
1.09832900e+03
1.10554300e+03
1.11181400e+03
1.12251400e+03
1.11473600e+03
1.10941600e+03
1.11801700e+03
1.40913800e+03
1.53516700e+03
1.57548000e+03
1.62009200e+03
1.62551800e+03
1.62708900e+03
1.60447300e+03
1.60826800e+03
1.59546300e+03
1.59332100e+03
1.57613500e+03
1.46404400e+03
1.11957300e+03
1.11717500e+03
1.11803600e+03
1.11695500e+03
1.10861500e+03
1.11783700e+03
1.11604300e+03
1.11890400e+03
1.10734600e+03
1.10613400e+03
1.11135500e+03
1.10863800e+03
1.09983000e+03
1.09859400e+03
1.09143200e+03
1.09708900e+03
1.10279700e+03
1.10598200e+03
1.09929000e+03
1.09654700e+03
1.10431100e+03
1.11248000e+03
1.10682500e+03
1.09907800e+03
1.10444800e+03
1.09905400e+03
1.10587400e+03
1.09841400e+03
1.09857300e+03
1.09748600e+03
1.10416600e+03
1.11219200e+03
1.10911400e+03
1.10489100e+03
1.10285000e+03
1.10117400e+03
1.11029700e+03
1.10528700e+03
1.10199600e+03
1.09534800e+03
1.08446300e+03
1.09199600e+03
1.09067600e+03
1.10151500e+03
1.10297900e+03
1.09519800e+03
1.10547300e+03
1.10969100e+03
1.29574800e+03
1.51750700e+03
1.56353200e+03
1.38182200e+03
1.10874400e+03
1.11362000e+03
1.11172500e+03
1.10385400e+03
1.10228500e+03
1.10553000e+03
1.10682400e+03
1.11112800e+03
1.10379000e+03
1.10810800e+03
1.10293300e+03
1.11046600e+03
1.10385800e+03
1.09997900e+03
1.10541600e+03
1.10725300e+03
1.10834800e+03
1.09932800e+03
1.10811100e+03
1.10632400e+03
1.11019500e+03
1.09979700e+03
1.10111600e+03
1.11110500e+03
1.10494600e+03
1.10496700e+03
1.10312900e+03
1.11164700e+03
1.10741700e+03
1.11022200e+03
1.10955700e+03
1.11471100e+03
1.10522900e+03
1.10627400e+03
1.10404200e+03
1.10861000e+03
1.09599600e+03
1.09675200e+03
1.10084700e+03
1.10582300e+03
1.09578200e+03
1.09049200e+03
1.09570700e+03
1.10133700e+03
1.09831000e+03
1.08615300e+03
1.10031500e+03
1.09736700e+03
1.10379300e+03
1.09552100e+03
1.10597400e+03
1.10299700e+03
1.09831300e+03
1.09494600e+03
1.10530000e+03
1.10423100e+03
1.10065900e+03
1.10894200e+03
1.10773700e+03
1.11033600e+03
1.10109200e+03
1.10616600e+03
1.10415400e+03
1.11406400e+03
1.11054700e+03
1.10597400e+03
1.10778400e+03
1.10222400e+03
1.10831300e+03
1.11500700e+03
1.10627700e+03
1.10784200e+03
1.10188400e+03
1.11227200e+03
1.10703600e+03
1.10740000e+03
1.10227900e+03
1.11090900e+03
1.11316000e+03
1.10591500e+03
1.10260900e+03
1.10289800e+03
1.10035600e+03
1.09904900e+03
1.09816200e+03
1.09483900e+03
1.10262200e+03
1.09977400e+03
1.09623400e+03
1.09351600e+03
1.09687900e+03
1.10053500e+03
1.09998800e+03
1.10490200e+03
1.09805700e+03
1.09747500e+03
1.10615300e+03
1.10117700e+03
1.10559200e+03
1.10605700e+03
1.10225100e+03
1.10322800e+03
1.10637400e+03
1.09616400e+03
1.09578100e+03
1.09737000e+03
1.10412500e+03
1.09894500e+03
1.09113900e+03
1.09750400e+03
1.09753100e+03
1.10162600e+03
1.09588500e+03
1.10997600e+03
1.10801500e+03
1.11016900e+03
1.09801700e+03
1.11204200e+03
1.11034600e+03
1.10423600e+03
1.10051700e+03
1.10975300e+03
1.10208700e+03
1.09462700e+03
1.09731400e+03
1.10841700e+03
1.09862400e+03
1.10004100e+03
1.09445400e+03
1.10678400e+03
1.10592200e+03
1.09735400e+03
1.10443800e+03
1.10683300e+03
1.10759000e+03
1.09758700e+03
1.10392400e+03
1.11289900e+03
1.11029200e+03
1.10106300e+03
1.10841500e+03
1.10897800e+03
1.11614900e+03
1.11190800e+03
1.10800200e+03
1.10922200e+03
1.10840000e+03
1.10203800e+03
1.09720700e+03
1.10864900e+03
1.10542700e+03
1.09812600e+03
1.10229700e+03
1.10464300e+03
1.11281200e+03
1.10764600e+03
1.10662500e+03
1.10222200e+03
1.10306400e+03
1.10366500e+03
1.09531100e+03
1.09988900e+03
1.10210700e+03
1.10395100e+03
1.10281600e+03
1.09672300e+03
1.09001100e+03
1.09400600e+03
1.09513700e+03
1.09732600e+03
1.09508000e+03
1.09140400e+03
1.08103400e+03
1.09284500e+03
1.09952000e+03
1.08776300e+03
1.09030600e+03
1.09301800e+03
1.10132900e+03
1.09096400e+03
1.09300000e+03
1.09826200e+03
1.10176400e+03
1.09810000e+03
1.08650000e+03
1.09166500e+03
1.09710000e+03
1.08745600e+03
1.10148900e+03
1.10139600e+03
1.10820900e+03
1.10035300e+03
1.10045600e+03
1.10211200e+03
1.09950600e+03
1.10160100e+03
1.10985900e+03
1.10636300e+03
1.10725200e+03
1.09233400e+03
1.10391500e+03
1.09564400e+03
1.09825500e+03
1.09134500e+03
1.10076800e+03
1.10451000e+03
1.10063300e+03
1.10538200e+03
1.09991200e+03
1.11321500e+03
1.11818700e+03
1.10850400e+03
1.10838800e+03
1.10257500e+03
1.11447900e+03
1.11494600e+03
1.10703700e+03
1.11020800e+03
1.10070100e+03
1.10748400e+03
1.11595600e+03
1.11112000e+03
1.10849300e+03
1.11275000e+03
1.10883900e+03
1.11498800e+03
1.10959700e+03
1.10647100e+03
1.11420500e+03
1.11087500e+03
1.11251900e+03
1.11105800e+03
1.10437500e+03
1.10772600e+03
1.10127100e+03
1.11221300e+03
1.11688800e+03
1.11491500e+03
1.10322700e+03
1.10167900e+03
1.10958500e+03
1.10851500e+03
1.10297500e+03
1.10640300e+03
1.09713600e+03
1.10609500e+03
1.10457300e+03
1.11274400e+03
1.11544100e+03
1.10035900e+03
1.11305700e+03
1.10679800e+03
1.11666300e+03
1.11564100e+03
1.10905200e+03
1.11009900e+03
1.10642300e+03
1.11169800e+03
1.11260200e+03
1.10779600e+03
1.11020400e+03
1.11284200e+03
1.11469800e+03
1.11010700e+03
1.11515000e+03
1.09838700e+03
1.09379100e+03
1.10101800e+03
1.09779100e+03
1.10410100e+03
1.09760100e+03
1.09272000e+03
1.10350400e+03
1.10545700e+03
1.11305100e+03
1.11585200e+03
1.10806400e+03
1.11080600e+03
1.11237100e+03
1.10996900e+03
1.10754200e+03
