467.5856
2718.4409999999998
1140.4829999999999
1132.462
1461.896
1511.7739999999999
1570.586
1597.127
1623.473
1626.979
1630.511
1603.5419999999999
1609.8
1597.2429999999999
1590.471
1580.9880000000001
1592.623
1129.7819999999999
1112.1089999999999
1115.5309999999999
1110.001
1117.4860000000001
1109.1189999999999
1107.777
1114.896
1118.153
1076.162
1079.7570000000001
1090.067
1091.48
1088.7950000000001
1079.492
1093.3299999999999
1089.2470000000001
1091.779
1085.6500000000001
1092.4349999999999
1093.1130000000001
1084.8330000000001
1080.3299999999999
1089.1859999999999
1085.711
1083.806
1078.895
1090.672
1109.856
1104.454
1116.921
1122.473
1121.5360000000001
1107.934
1123.2329999999999
1116.643
1120.1769999999999
1110.825
1125.1379999999999
1119.5519999999999
1113.191
1105.8409999999999
1114.3920000000001
1116.5150000000001
1110.6179999999999
1105.6559999999999
1107.9880000000001
1113.124
1104.0840000000001
1106.78
1106.9480000000001
1110.508
1100.9860000000001
1109.9179999999999
1106.674
1110.509
1106.8610000000001
1107.2360000000001
1107.876
1106.3820000000001
1104.9159999999999
1103.1880000000001
1112.748
1107.3900000000001
1109.3869999999999
1105.769
1112.4739999999999
1102.6980000000001
1103.2059999999999
1098.671
1110.4380000000001
1100.3130000000001
1109.4949999999999
1106.479
1112.03
1099.6590000000001
1112.3710000000001
1111.1690000000001
1119.173
1108.809
1107.7570000000001
1113.117
1108.2349999999999
1104.652
1106.127
1116.4929999999999
1107.2929999999999
1110.884
1109.192
1115.4200000000001
1111.789
1112.115
1112.145
1117.8710000000001
1114.0039999999999
1104.3789999999999
1113.7080000000001
1116.5640000000001
1120.8879999999999
1109.0740000000001
1117.924
1110.1800000000001
1116.288
1103.8779999999999
1117.731
1115.627
1114.0930000000001
1105.0920000000001
1117.0260000000001
1117.9469999999999
1115.087
1104.979
1111.463
1111.5360000000001
1097.7460000000001
1107.6369999999999
1108.1189999999999
1110.184
1106.3779999999999
1102.2090000000001
1107.1849999999999
1110.885
1114.038
1103.421
1109.6130000000001
1105.098
1109.9459999999999
1100.6559999999999
1100.171
1100.1659999999999
1101.3199999999999
1099.011
1078.3510000000001
1083.778
1082.7729999999999
1087.6410000000001
1077.741
1080.163
1086.8440000000001
1082.365
1082.028
1083.5840000000001
1094.623
1084.7570000000001
1090.21
1085.1959999999999
1097.8409999999999
1089.412
1095.202
1089.2149999999999
1098.587
1095.01
1091.288
1095.8710000000001
1094.0719999999999
1098.634
1092.3420000000001
1087.7149999999999
1096.3119999999999
1107.241
1116.2239999999999
1105.723
1114.902
1113.4480000000001
1114.9280000000001
1111.421
1114.75
1119.557
1123.867
1119.519
1118.0350000000001
1124.588
1118.9190000000001
1122.558
1113.5350000000001
1115.4110000000001
1120.1079999999999
1127.2729999999999
1119.0999999999999
1114.1800000000001
1126.519
1120.9590000000001
1114.6790000000001
1109.9590000000001
1127.4590000000001
1093.8720000000001
1094.1610000000001
1089.124
1092.6990000000001
1100.337
1093.2429999999999
1087.6759999999999
1083.105
1091.2339999999999
1268.6959999999999
1469.405
1516.1859999999999
1574.4749999999999
1595.3530000000001
1592.123
1596.1130000000001
1591.5360000000001
1586.5699999999999
1567.26
1568.306
1587.8599999999999
1511.5809999999999
1123.056
1112.8989999999999
1113.1990000000001
1113.1569999999999
1117.884
1116.231
1104.7190000000001
1114.904
1115.0360000000001
1116.1410000000001
1106.675
1117.123
1115.047
1121.752
1110.152
1110.9110000000001
1118.4290000000001
1114.703
1116.473
1105.3309999999999
1109.3889999999999
1112.886
1116.998
1112.6569999999999
1103.8420000000001
1110.8699999999999
1107.115
1112.5509999999999
1100.634
1106.1900000000001
1110.9159999999999
1106.0039999999999
1104.5409999999999
1101.4380000000001
1106.4200000000001
1109.502
1108.4169999999999
1107.731
1111.4849999999999
1121.26
1115.623
1116.8130000000001
1105.9480000000001
1115.2629999999999
1106.721
1107.4749999999999
1096.77
1112.7629999999999
1111.5429999999999
1102.972
1110.5039999999999
1117.616
1115.4069999999999
1107.0820000000001
1108.3900000000001
1105.2139999999999
1113.78
1109.9010000000001
1111.9690000000001
1117.643
1125.162
1114.192
1115.9949999999999
1122.441
1115.548
1118.0160000000001
1118.3340000000001
1126.788
1115.452
1120.51
1113.1010000000001
1123.0219999999999
1114.2159999999999
1118.47
1114.221
1126.472
1120.8150000000001
1115.097
1118.211
1120.741
1119.424
1109.48
1113.4970000000001
1113.8420000000001
1118.9680000000001
1108.5219999999999
1116.3920000000001
1119.125
1122.942
1114.3920000000001
1111.1900000000001
1118.7550000000001
1112.8150000000001
1111.5799999999999
1102.6179999999999
1114.9780000000001
1105.5060000000001
1109.4100000000001
1100.038
1112.0119999999999
1110.22
1104.864
1106.3699999999999
1103.3699999999999
1111.9570000000001
1107.049
1108.1210000000001
1101.914
1112.2070000000001
1110.8969999999999
1106.943
1110.4870000000001
1107.123
1100.412
1088.3030000000001
1101.47
1099.4949999999999
1103.54
1093.7270000000001
1093.7380000000001
1097.6590000000001
1097.575
1102.2049999999999
1101.6210000000001
1093.0830000000001
1102.4349999999999
1105.3610000000001
1109.7059999999999
1106.1130000000001
1104.3440000000001
1108.6700000000001
1111.722
1111.5999999999999
1110.8099999999999
1105.5250000000001
1108.3510000000001
1106.482
1113.6590000000001
1105.6759999999999
1106.1179999999999
1097.021
1110.5740000000001
1117.085
1115.2449999999999
1122.5820000000001
1127.1320000000001
1129.8699999999999
1120.6610000000001
1118.6659999999999
1124.5609999999999
1128.9010000000001
1126.7429999999999
1112.806
1120.4680000000001
1111.587
1110.6500000000001
1095.1869999999999
1095.9469999999999
1094.9670000000001
1097.9880000000001
1092.0360000000001
1098.2349999999999
1104.0840000000001
1098.1690000000001
1093.4749999999999
1102.704
1101.8009999999999
1089.326
1094.2
1099.155
1100.2349999999999
1087.5450000000001
1092.258
1095.8920000000001
1346.1590000000001
1486.7570000000001
1549.3510000000001
1582.145
1605.9839999999999
1594.171
1603.0519999999999
1589.2660000000001
1581.9200000000001
1568.9359999999999
1579.2660000000001
1564.806
1280.6890000000001
1091.2339999999999
1091.239
1096.0340000000001
1082.193
1087.2339999999999
1082.0309999999999
1089.2049999999999
1086.028
1092.1410000000001
1097.9829999999999
1095.9169999999999
1096.5650000000001
1092.508
1091.711
1089.8499999999999
1091.114
1093.1469999999999
1080.25
1086.943
1090.55
1095.4849999999999
1090.8679999999999
1095.4179999999999
1099.5630000000001
1104.3330000000001
1091.1679999999999
1093.4480000000001
1098.038
1092.355
1095.319
1087.328
1096.4110000000001
1097.078
1090.9739999999999
1085.4739999999999
1095.6510000000001
1100.2149999999999
1096.9690000000001
1094.1890000000001
1105.905
1107.431
1097.0540000000001
1103.8920000000001
1100.1610000000001
1108.6849999999999
1103.076
1096.425
1102.547
1102.1679999999999
1110.9970000000001
1103.3440000000001
1098.115
1105.162
1102.0889999999999
1107.027
1097.6880000000001
1101.3989999999999
1095.635
1104.9380000000001
1102.492
1096.597
1101.49
1101.1980000000001
1107.329
1105.4259999999999
1097.7090000000001
1102.4839999999999
1106.652
1107.722
1100.9110000000001
1106.954
1100.626
1111.143
1114.114
1110.7829999999999
1106.7809999999999
1093.1990000000001
1100.991
1104.521
1103.77
1100.329
1096.1010000000001
1096.241
1101.5060000000001
1099.9770000000001
1096.3489999999999
1092.924
1102.925
1098.229
1105.7809999999999
1101.9849999999999
1093.777
1099.0229999999999
1099.288
1093.3130000000001
1090.4179999999999
1051.3399999999999
1078.057
1077.403
1079.4659999999999
1077.991
1069.4849999999999
1077.2809999999999
1091.711
1099.231
1086.3
1078.4970000000001
1082.472
1088.4860000000001
1082.402
1072.0329999999999
1077.729
1085.9770000000001
1087.953
1078.818
1080.2660000000001
1083.2639999999999
1091.232
1091.04
1079.0260000000001
1090.299
1088.192
1097.4200000000001
1088.414
1080.559
1090.4069999999999
1093.3920000000001
1091.356
1095.0429999999999
1104.7260000000001
1102.4280000000001
1107.6800000000001
1099.5360000000001
1095.7429999999999
1102.308
1100.7809999999999
1105.354
1101.171
1094.7539999999999
1099.451
1090.2149999999999
1098.192
1103.171
1096.3889999999999
1096.615
1084.047
1094.626
1095.752
1088.8889999999999
1089.0609999999999
1080.1890000000001
1086.922
1090.307
1430.9739999999999
1544.556
1594.835
1610.502
1603.3099999999999
1598.579
1574.48
1575.896
1577.174
1561.606
1565.1310000000001
1178.953
1082.1130000000001
1083.23
1086.3699999999999
1091.779
1088.549
1079.4349999999999
1089.788
1082.538
1092.162
1092.405
1087.7370000000001
1084.2190000000001
1083.8009999999999
1082.472
1089.7570000000001
1092.8499999999999
1090.6099999999999
1083.701
1084.155
1092.847
1091.133
1095.742
1087.8989999999999
1088.5129999999999
1100.317
1095.1369999999999
1097.4459999999999
1089.182
1096.374
1103.5889999999999
1097.6590000000001
1091.74
1100.1289999999999
1102.4639999999999
1096.2929999999999
1090.162
1093.4159999999999
1098.134
1095.288
1096.681
1092.1559999999999
1103.835
1099.1410000000001
1096.2919999999999
1089.4369999999999
1100.46
1097.3689999999999
1087.8630000000001
1093.9100000000001
1099.3910000000001
1099.557
1090.6600000000001
1093.479
1090.806
1101.8499999999999
1095.1600000000001
1092.79
1100.0050000000001
1102.4269999999999
1098.921
1092.1600000000001
1103.0070000000001
1098.2629999999999
1102.807
1096.7270000000001
1093.1859999999999
1097.251
1091.1030000000001
1097.548
1087.175
1087.1790000000001
1083.914
1088.6300000000001
1081.5630000000001
1079.5329999999999
1087.7360000000001
1078.9670000000001
1074.424
1085.896
1082.5309999999999
1082.72
1079.2739999999999
1086.796
1083.4860000000001
1081.903
1076.318
1080.2750000000001
1080.623
1076.1900000000001
1075.9780000000001
1069.02
1073.5360000000001
1075.373
1063.2739999999999
1068.8900000000001
1067.2829999999999
1075.1610000000001
1067.171
1076.941
1075.4269999999999
1084.625
1077.4459999999999
1076.4749999999999
1080.798
1088.5029999999999
1087.703
1087.4749999999999
1107.211
1102.4200000000001
1103.3440000000001
1096.1569999999999
1100.134
1106.1790000000001
1101.9929999999999
1097.864
1099.136
1107.595
1102.3610000000001
1097.008
1101.6969999999999
1107.556
1097.271
1103.415
1104.8889999999999
1250.5139999999999
1477.0219999999999
1544.846
1584.4670000000001
1610.5139999999999
1599.1130000000001
1601.0360000000001
1599.778
1587.1579999999999
1574.4639999999999
1570.7719999999999
1582.1089999999999
1409.5340000000001
1108.4179999999999
1095.6120000000001
1098.0640000000001
1105.4359999999999
1100.2070000000001
1100.0119999999999
1092.752
1107.836
1106.4190000000001
1105.25
1097.3399999999999
1101.7550000000001
1104.556
1091.539
1101.3589999999999
1100.5250000000001
1103.076
1098.5509999999999
1095.97
1084.5409999999999
1094.769
1102.47
1091.146
1090.2950000000001
1083.9839999999999
1093.086
1098.9549999999999
1091.884
1091.6690000000001
1088.933
1088.5640000000001
1094.3130000000001
1086.0719999999999
1090.076
1082.221
1082.9870000000001
1093.9590000000001
1089.8979999999999
1091.6079999999999
1091.3140000000001
1080.8869999999999
1094.473
1089.8240000000001
1085.194
1082.1310000000001
1090.675
1087.7719999999999
1090.0039999999999
1091.201
1086.616
1086.4259999999999
1082.8610000000001
1090.857
1090.355
1081.769
1087.248
1072.712
1081.7819999999999
1082.46
1077.3150000000001
1078.807
1073.9839999999999
1079.796
1084.6110000000001
1081.213
1078.2750000000001
1072.0239999999999
1080.1769999999999
1081.8240000000001
1078.9349999999999
1080.3610000000001
1073.569
1067.1030000000001
1074.0519999999999
1073.6320000000001
1060.2570000000001
1067.5160000000001
1071.7329999999999
1070.8620000000001
1061.528
1067.1790000000001
1071.9680000000001
1076.1790000000001
1064.3720000000001
1068.5630000000001
1072.171
1076.3440000000001
1067.248
1075.5509999999999
1078.7449999999999
1072.6420000000001
1073.9849999999999
1068.682
1078.825
1074.1790000000001
1076.7529999999999
1079.4490000000001
1097.8689999999999
1099.2739999999999
1094.874
1093.96
1090.0599999999999
1098.616
1097.4079999999999
1094.077
1089.0150000000001
1376.5340000000001
1501.3199999999999
1537.999
1579.8869999999999
1592.288
1598.4780000000001
1589.5599999999999
1572.5309999999999
1558.3910000000001
1559.998
1564.0170000000001
1556.944
1253.271
1085.6120000000001
1087.98
1091.47
1083.8989999999999
1087.0429999999999
1077.9300000000001
1090.327
1094.3720000000001
1089.191
1089.096
1088.05
1095.165
1092.8679999999999
1090.8720000000001
1086.434
1093.096
1093.3530000000001
1081.6510000000001
1085.7840000000001
1087.4459999999999
1094.0070000000001
1094.9169999999999
1084.4690000000001
1092.3
1095.308
1097.5550000000001
1083.2460000000001
1088.269
1088.105
1096.8879999999999
1092.7670000000001
1095.2239999999999
1095.173
1099.989
1096.4680000000001
1090.4380000000001
1102.0640000000001
1093.9770000000001
1098.6579999999999
1086.403
1095.692
1094.307
1093.0229999999999
1088.538
1085.3230000000001
1098.2239999999999
1093.422
1096.134
1081.192
1081.8869999999999
1089.0599999999999
1082.3230000000001
1081.4110000000001
1075.8140000000001
1086.921
1081.471
1075.4390000000001
1069.4369999999999
1081.442
1077.2170000000001
1076.0239999999999
1069.5419999999999
1084.2270000000001
1076.7660000000001
1074.3409999999999
1078.308
1084.3399999999999
1078.4349999999999
1076.7550000000001
1085.913
1074.502
1073.049
1066.2429999999999
1076.6559999999999
1072.876
1070.433
1060.954
1076.5930000000001
1076.347
1074.9059999999999
1067.0540000000001
1075.528
1082.6179999999999
1072.915
1079.0050000000001
1081.7729999999999
1084.981
1075.086
1082.2429999999999
1082.346
1086.6410000000001
1077.424
1079.1679999999999
1081.972
1086.979
1075.4849999999999
1082.5519999999999
1084.3779999999999
1080.617
1078.412
1081.855
1082.6900000000001
1073.7149999999999
1205.8009999999999
1473.598
1529.412
1560.8309999999999
1601.8810000000001
1600.489
1602.088
1577.635
1573.02
1564.6869999999999
1571.2829999999999
1558.3199999999999
1569.26
1173.096
1098.5830000000001
1096.155
1097.7270000000001
1106.1099999999999
1096.6659999999999
1098.8530000000001
1090.9269999999999
1099.7270000000001
1097.8430000000001
1098.0640000000001
1089.8009999999999
1099.2739999999999
1095.7719999999999
1080.1489999999999
1087.0830000000001
1091.4359999999999
1092.5050000000001
1084.816
1094.8800000000001
1090.8869999999999
1093.203
1084.664
1093.0930000000001
1097.3430000000001
1091.6559999999999
1091.1420000000001
1087.05
1093.3800000000001
1091.413
1085.4190000000001
1086.5640000000001
1093.4949999999999
1085.444
1090.0419999999999
1093.03
1095.8630000000001
1085.0150000000001
1074.9359999999999
1078.1279999999999
1081.327
1076.768
1074.7760000000001
1087.1130000000001
1080.078
1078.694
1074.0640000000001
1080.9079999999999
1079.085
1087.569
1080.501
1078.943
1086.579
1081.586
1080.6489999999999
1070.8119999999999
1083.403
1083.6890000000001
1081.057
1080.0419999999999
1079.231
1087.2260000000001
1083.1500000000001
1089.2560000000001
1076.8119999999999
1084.3969999999999
1081.8309999999999
1076.319
1078.895
1087.0139999999999
1083.367
1078.8320000000001
1084.865
1089.8119999999999
1083.0730000000001
1083.7619999999999
1076.9590000000001
1080.1279999999999
1092.4069999999999
1084.2059999999999
1080.5650000000001
1072.6559999999999
1083.309
1084.8820000000001
1081.51
1076.3399999999999
1085.414
1092.8130000000001
1085.616
1087.8230000000001
1081.9649999999999
1084.566
1378.518
1489.875
1543.338
1583.1130000000001
1614.4760000000001
1601.4280000000001
1598.1790000000001
1582.1089999999999
1581.289
1583.6800000000001
1569.067
1558.4960000000001
1470.7380000000001
1096.72
1101.3630000000001
1095.998
1095.787
1094.597
1092.8320000000001
1101.144
1098.4670000000001
1104.1099999999999
1095.183
1094.04
1105.501
1101.95
1105.3689999999999
1102.288
1089.905
1096.182
1093.635
1101.896
1097.96
1092.454
1098.039
1090.8879999999999
1103.5699999999999
1103.7049999999999
1097.9010000000001
1097.078
1091.568
1098.55
1101.894
1096.058
1093.327
1089.7909999999999
1091.8610000000001
1098.6089999999999
1097.393
1094.027
1092.9349999999999
1092.056
1103.078
1087.134
1087.8630000000001
1082.731
1075.1179999999999
1086.9100000000001
1084.671
1092.095
1086.296
1085.672
1092.9780000000001
1090.8720000000001
1092.085
1088.8130000000001
1084.0630000000001
1088.902
1091.2929999999999
1087.3979999999999
1084.874
1078.6389999999999
1086.463
1085.3230000000001
1091.8440000000001
1085.6790000000001
1079.5740000000001
1088.402
1094.9649999999999
1098.5229999999999
1093.4349999999999
1085.905
1088.125
1089.829
1096.6880000000001
1093.586
1091.144
1084.732
1090.2170000000001
1090.7249999999999
1089.3869999999999
1087.184
1085.3389999999999
1092.556
1091.3779999999999
1088.0820000000001
1089.317
1083.588
1091.9469999999999
1097.3510000000001
1091.95
1096.0139999999999
1082.0920000000001
1093.213
1091.2329999999999
1096.402
1090.8689999999999
1082.8299999999999
1087.3810000000001
1091.6790000000001
1096.7560000000001
1088.039
1084.5709999999999
1190.8019999999999
1462.788
1513.0450000000001
1556.0830000000001
1606.8389999999999
1611.02
1609.7850000000001
1586.855
1591.0129999999999
1589.0619999999999
1577.2729999999999
1566.5
1571.904
1458.6880000000001
1103.9749999999999
1100.7550000000001
1092.0219999999999
1106.299
1104.433
1095.22
1098.684
1100.2619999999999
1106.1510000000001
1100.0989999999999
1100.405
1094.8699999999999
1108.402
1104.019
1093.498
1104.3900000000001
1105.8420000000001
1103.836
1098.952
1094.9939999999999
1100.373
1108.1659999999999
1099.817
1105.8299999999999
1107.354
1112.8630000000001
1104.23
1100.1859999999999
1104.5519999999999
1108.454
1106.9079999999999
1096.306
1099.6130000000001
1105.8199999999999
1109.3040000000001
1099.934
1098.894
1104.7190000000001
1088.357
1082.5630000000001
1080.5440000000001
1088.4860000000001
1080.425
1079.4590000000001
1079.278
1083.434
1074.2049999999999
1078.4949999999999
1072.7360000000001
1084.3389999999999
1082.4359999999999
1079.6679999999999
1080.6400000000001
1094.8699999999999
1082.652
1086.6369999999999
1088.558
1089.7909999999999
1084.5550000000001
1089.086
1097.5219999999999
1092.4100000000001
1084.7260000000001
1093.153
1096.615
1088.761
1090.337
1089.9570000000001
1095.6679999999999
1087.9559999999999
1088.6610000000001
1088.3
1091.568
1090.374
1083.008
1091.337
1091.933
1091.75
1078.7619999999999
1092.3699999999999
1088.1189999999999
1095.777
1087.7270000000001
1086.78
1093.962
1086.8409999999999
1090.0920000000001
1095.4280000000001
1088.4739999999999
1086.866
1078.152
1088.278
1091.0450000000001
1087.6469999999999
1081.079
1086.404
1097.6959999999999
1091.8140000000001
1092.7619999999999
1083.925
1097.0070000000001
1096.384
1083.4269999999999
1091.442
1094.473
1393.4369999999999
1471.8779999999999
1536.364
1579.675
1615.1389999999999
1603.0889999999999
1601.3589999999999
1598.039
1594.3579999999999
1587.0530000000001
1568.8630000000001
1575.7550000000001
1570.1469999999999
1351.626
1107.095
1100.0630000000001
1096.473
1103.99
1107.9639999999999
1109.2819999999999
1097.8230000000001
1100.9849999999999
1100.116
1106.3910000000001
1107.5340000000001
1099.4839999999999
1102.4749999999999
1096.059
1106.0999999999999
1108.752
1104.3499999999999
1104.116
1102.069
1104.7260000000001
1110.9390000000001
1106.527
1109.9760000000001
1101.6030000000001
1104.037
1110.5899999999999
1108.422
1113.663
1104.79
1098.848
1106.259
1101.393
1110.203
1106.124
1101.5830000000001
1094.759
1089.4649999999999
1093.981
1094.069
1085.7619999999999
1091.799
1086.5930000000001
1096.5150000000001
1097.8230000000001
1083.646
1091.913
1085.337
1097.4179999999999
1097.873
1089.702
1095.646
1098.463
1100.7760000000001
1094.502
1094.0050000000001
1087.029
1096.9680000000001
1099.624
1095.4490000000001
1094.797
1101.4390000000001
1090.337
1090.616
1089.7660000000001
1093.673
1083.241
1083.5250000000001
1091.0920000000001
1085.232
1082.979
1085.2329999999999
1099.2660000000001
1092.8340000000001
1090.5630000000001
1086.1579999999999
1100.2149999999999
1094.771
1087.7860000000001
1096.672
1097.1849999999999
1086.394
1095.1179999999999
1097.3879999999999
1096.9469999999999
1085.249
1094.3050000000001
1093.28
1084.048
1095.8219999999999
1090.635
1096.1379999999999
1094.5219999999999
1099.288
1098.3240000000001
1092.989
1103.1300000000001
1099.2449999999999
1097.752
1144.2339999999999
1454.598
1502.0250000000001
1553.1310000000001
1611.586
1589.7919999999999
1590.152
1584.2919999999999
1583.8299999999999
1575.8299999999999
1563.0309999999999
1569.636
1256.463
1112.8789999999999
1106.383
1095.423
1102.6510000000001
1102.7280000000001
1110.2550000000001
1103.954
1104.1669999999999
1098.4670000000001
1103.3399999999999
1112.556
1110.135
1109.9269999999999
1101.6569999999999
1112.8589999999999
1113.4190000000001
1115.0250000000001
1111.9480000000001
1107.3420000000001
1108.462
1112.569
1108.712
1110.885
1101.521
1097.0139999999999
1102.8099999999999
1099.3099999999999
1103.1030000000001
1095.8309999999999
1091.7539999999999
1103.585
1100.704
1102.7760000000001
1094.1579999999999
1107.567
1105.5920000000001
1101.45
1087.6610000000001
1086.451
1091.6400000000001
1092.6489999999999
1098.374
1091.627
1088.4839999999999
1096.261
1098.846
1100.9970000000001
1096.808
1089.9680000000001
1098.193
1098.499
1105.6669999999999
1099.116
1097.287
1096.7719999999999
1094.0740000000001
1101.115
1096.3219999999999
1095.7059999999999
1103.902
1093.7360000000001
1088.6079999999999
1093.027
1091.2270000000001
1091.693
1084.8420000000001
1093.2719999999999
1097.2909999999999
1091.3689999999999
1093.6410000000001
1092.386
1096.325
1090.413
1101.8109999999999
1099.0599999999999
1091.7760000000001
1092.5340000000001
1105.069
1097.7650000000001
1096.78
1091.404
1099.241
1090.6179999999999
1085.346
1087.72
1089.2170000000001
1085.922
1091.3989999999999
1086.7149999999999
1089.5530000000001
1085.479
1090.278
1088.335
1091.2429999999999
1082.259
1091.2550000000001
1096.6179999999999
1093.181
1398.3910000000001
1488.394
1580.3869999999999
1628.079
1622.5129999999999
1594.3699999999999
1593.308
1587.2909999999999
1582.3430000000001
1559.481
1566.6669999999999
1469.1410000000001
1107.4200000000001
1106.318
1094.643
1101.7370000000001
1099.049
1107.01
1099.8969999999999
1097.3420000000001
1101.4939999999999
1106.8109999999999
1105.8
1097.2439999999999
1101.1410000000001
1105.6210000000001
1101.998
1092.1010000000001
1104.24
1100.6669999999999
1106.52
1100.4680000000001
1098.6400000000001
1107.2919999999999
1105.587
1112.4190000000001
1103.1780000000001
1107.9670000000001
1115.7159999999999
1109.0250000000001
1109.8309999999999
1103.1859999999999
1113.5650000000001
1112.5640000000001
1114.335
1105.1469999999999
1106.2840000000001
1116.538
1098.348
1094.894
1090.8230000000001
1097.883
1096.825
1096.386
1088.537
1093.5319999999999
1098.7760000000001
1093.308
1090.6569999999999
1091.2349999999999
1098.567
1089.415
1090.114
1082.74
1089.452
1093.8140000000001
1084.375
1088.4269999999999
1085.0619999999999
1094.652
1081.422
1084.077
1084.837
1086.626
1081.0150000000001
1072.4649999999999
1079.721
1084.51
1085.454
1076.944
1082.586
1081.2670000000001
1087.7249999999999
1081.2729999999999
1080.473
1093.7860000000001
1092.3399999999999
1098.0989999999999
1085.9839999999999
1097.327
1093.3869999999999
1101.306
1092.9000000000001
1089.403
1097.0650000000001
1101.1199999999999
1092.3889999999999
1099.1279999999999
1104.5609999999999
1100.675
1104.4690000000001
1094.6279999999999
1101.905
1101.808
1096.375
1090.2059999999999
1095.3130000000001
1102.0360000000001
1097.336
1091.827
1091.5070000000001
1095.3430000000001
1087.375
1093.992
1095.201
1099.2829999999999
1093.6010000000001
1092.771
1093.444
1095.278
1086.1900000000001
1088.952
1094.8589999999999
1204.8610000000001
1442.625
1486.8219999999999
1548.6790000000001
1589.3530000000001
1614.818
1607.8019999999999
1594.8150000000001
1598.8240000000001
1589.394
1585.135
1567.3879999999999
1577.539
1577.7560000000001
1328.979
1107.3869999999999
1101.8869999999999
1110.723
1105.4300000000001
1107.1279999999999
1099.171
1106.23
1112.636
1108.115
1107.078
1101.0920000000001
1113.499
1113.211
1107.9400000000001
1109.0889999999999
1104.521
1108.1579999999999
1112.1669999999999
1108.6400000000001
1104.2809999999999
1100.078
1112.366
1107.6030000000001
1114.461
1114.4839999999999
1105.817
1111.251
1112.729
1113.8320000000001
1100.22
1102.703
1108.694
1100.473
1091.0730000000001
1083.0360000000001
1099.71
1095.799
1101.173
1087.0630000000001
1088.0239999999999
1102.355
1096.095
1096.4059999999999
1087.9839999999999
1097.8050000000001
1094.443
1089.404
1088.655
1093.704
1099.2439999999999
1095.4100000000001
1089.9349999999999
1087.162
1089.616
1092.5239999999999
1088.4169999999999
1087.7070000000001
1082.9659999999999
1088.72
1088.461
1088.5989999999999
1050.925
1069.9760000000001
1087.0550000000001
1096.461
1097.232
1092.278
1095.7560000000001
1098.9870000000001
1095.6790000000001
1098.377
1089.2180000000001
1082.298
1090.3
1086.653
1095.3330000000001
1087.501
1078.2470000000001
1084.049
1080.6500000000001
1084.3019999999999
1083.934
1074.2670000000001
1085.731
1088.0699999999999
1094.6500000000001
1090.4459999999999
1082.5519999999999
1085.5920000000001
1088.9259999999999
1092.566
1083.213
1082.6469999999999
1090.8720000000001
1092.8989999999999
1094.0909999999999
1085.165
1087.55
1087.213
1092.731
1092.0740000000001
1082.462
1086.318
1092.454
1410.463
1468.057
1527.8009999999999
1578.4000000000001
1613.2190000000001
1599.7719999999999
1606.7619999999999
1603.8219999999999
1587.2460000000001
1570.5170000000001
1571.3009999999999
1573.6869999999999
1564.165
1458.519
1090.672
1086.5129999999999
1095.578
1094.471
1094.761
1085.153
1095.7929999999999
1101.1479999999999
1095.9659999999999
1099.99
1093.856
1107.451
1106.9680000000001
1103.873
1097.5260000000001
1101.6990000000001
1108.258
1107.1500000000001
1104.7809999999999
1098.3309999999999
1106.2339999999999
1105.204
1105.5070000000001
1098.193
1099.6010000000001
1105.385
1099.348
1098.838
1091.606
1103.7370000000001
1104.625
1098.509
1099.5799999999999
1098.221
1110.904
1109.7239999999999
1099.8689999999999
1090.0319999999999
1090.8969999999999
1095.106
1092.1669999999999
1090.9880000000001
1087.816
1091.5540000000001
1095.877
1098.479
1091.4870000000001
1089.521
1085.289
1093.6679999999999
1094.5920000000001
1088.9549999999999
1086.8910000000001
1089.4839999999999
1093.847
1091.723
1098.586
1091.328
1085.1700000000001
1091.155
1093.5830000000001
1097.135
1093.7570000000001
1084.8800000000001
1088.271
1087.713
1093.665
1086.175
1084.7950000000001
1089.473
1093.2139999999999
1089.3209999999999
1081.5840000000001
1092.248
1091.0119999999999
1095.9359999999999
1087.461
1099.6500000000001
1092.6500000000001
1087.5429999999999
1095.8900000000001
1097.3630000000001
1084.52
1091.3969999999999
1098.423
1095.7719999999999
1082.3330000000001
1088.2149999999999
1082.8820000000001
1088.7
1080.268
1075.8489999999999
1080.3869999999999
1073.8320000000001
1084.0799999999999
1089.2090000000001
1083.789
1078.8209999999999
1085.7149999999999
1084.9179999999999
1086.116
1079.816
1087.7940000000001
1092.123
1082.28
1081.1790000000001
1082.884
1084.9590000000001
1094.085
1090.3340000000001
1096.1389999999999
1290.1489999999999
1457.1179999999999
1562.2
1605.011
1608.6659999999999
1610.396
1603.7560000000001
1603.1130000000001
1595.0070000000001
1576.5170000000001
1568.751
1571.575
1576.5239999999999
1262.6949999999999
1098.49
1103.8879999999999
1103.912
1110.674
1108.4739999999999
1100.0899999999999
1105.8430000000001
1102.787
1095.6400000000001
1108.5
1104.4739999999999
1106.0630000000001
1096.723
1108.5440000000001
1104.547
1103.5899999999999
1101.0640000000001
1104.2550000000001
1110.0129999999999
1099.096
1105.4300000000001
1103.5799999999999
1104.5840000000001
1093.934
1099.4570000000001
1096.021
1105.4390000000001
1096.049
1101.114
1103.9680000000001
1107.8219999999999
1101.8040000000001
1097.0599999999999
1093.0730000000001
1086.8030000000001
1094.2829999999999
1093.6679999999999
1080.771
1087.5809999999999
1091.0719999999999
1089.0309999999999
1078.9639999999999
1086.2660000000001
1086.6759999999999
1092.0050000000001
1077.3099999999999
1088.848
1082.0830000000001
1086.318
1074.5650000000001
1082.7719999999999
1082.0239999999999
1080.5170000000001
1077.0070000000001
1078.865
1089.0309999999999
1085.1790000000001
1080.902
1091.7049999999999
1084.5730000000001
1086.836
1079.654
1088.048
1088.2729999999999
1079.7049999999999
1084.855
1089.4549999999999
1078.6179999999999
1087.126
1084.1010000000001
1084.5429999999999
1075.277
1081.7049999999999
1083.079
1088.194
1088.6859999999999
1076.3099999999999
1088.4770000000001
1089.402
1093.6980000000001
1085.806
1086.0429999999999
1085.385
1087.731
1092.741
1088.0989999999999
1079.422
1083.442
1088.6110000000001
1090.5029999999999
1081.7909999999999
1081.163
1084.125
1087.7360000000001
1089.4590000000001
1078.9000000000001
1084.644
1080.152
1082.7819999999999
1079.489
1078.3119999999999
1085.6569999999999
1074.3
1073.5530000000001
1247.9459999999999
1439.1489999999999
1484.0260000000001
1532.817
1566.6289999999999
1594.5419999999999
1604.595
1597.3209999999999
1587.001
1576.309
1584.6859999999999
1571.8910000000001
1574.2529999999999
1563.779
1269.4749999999999
1108.1110000000001
1099.4359999999999
1098.6659999999999
1105.539
1101.2439999999999
1095.2619999999999
1086.8050000000001
1099.0309999999999
1096.5999999999999
1088.7550000000001
1095.95
1099.8140000000001
1103.306
1101.405
1099.2550000000001
1101.6279999999999
1107.173
1109.6010000000001
1093.8489999999999
1103.134
1108.202
1111.0730000000001
1102.8219999999999
1115.9580000000001
1110.2460000000001
1109.627
1104.4110000000001
1112.7629999999999
1106.028
1104.213
1096.7660000000001
1100.7180000000001
1093.626
1081.7249999999999
1088.636
1091.366
1093.8299999999999
1086.8199999999999
1088.47
1078.6690000000001
1094.4580000000001
1087.904
1085.654
1089.1790000000001
1093.8399999999999
1091.463
1079.8599999999999
1087.9480000000001
1085.999
1091.894
1083.6869999999999
1082.912
1085.5930000000001
1091.684
1093.125
1082.8109999999999
1092.884
1092.1489999999999
1096.047
1086.7149999999999
1090.598
1097.5740000000001
1091.114
1097.183
1096.2429999999999
1087.7840000000001
1093.1569999999999
1093.769
1098.0160000000001
1090.3230000000001
1081.5450000000001
1089.8510000000001
1091.9390000000001
1095.874
1086.164
1086.105
1092.47
1091.713
1097.3810000000001
1092.364
1083.6110000000001
1092.953
1085.3820000000001
1097.432
1099.9110000000001
1097.8869999999999
1102.961
1093.9949999999999
1099.5699999999999
1103.9490000000001
1099.2660000000001
1102.319
1096.2570000000001
1094.9380000000001
1103.723
1100.482
1102.529
1095.425
1089.434
1092.6400000000001
1093.806
1094.809
1097.779
1366.6690000000001
1474.1559999999999
1523.3620000000001
1577.0309999999999
1611.5060000000001
1613.654
1610.8910000000001
1593.9190000000001
1596.068
1592.76
1589.0039999999999
1580.998
1579.056
1467.673
1098.662
1105.4469999999999
1112.402
1111.989
1106.588
1104.502
1108.9659999999999
1111.674
1108.1189999999999
1098.636
1102.914
1093.229
1098.922
1096.796
1090.8720000000001
1093.645
1088.3389999999999
1088.537
1094.9380000000001
1092.463
1099.1379999999999
1093.1110000000001
1088.1389999999999
1099.079
1100.0519999999999
1103.7850000000001
1102.8779999999999
1097.8789999999999
1115.519
1110.1659999999999
1112.422
1110.2539999999999
1102.932
1097.502
1100.845
1090.5160000000001
1095.046
1090.7260000000001
1098.6210000000001
1090.635
1092.662
1089.9780000000001
1092.4880000000001
1093.5060000000001
1091.5799999999999
1087.058
1097.116
1087.0840000000001
1079.1980000000001
1089.2819999999999
1090.252
1091.0360000000001
1085.6990000000001
1088.6700000000001
1089.2660000000001
1095.625
1094.7570000000001
1086.1079999999999
1087.3240000000001
1089.3
1083.2190000000001
1094.0930000000001
1087.338
1086.7760000000001
1083.056
1092.405
1087.537
1093.492
1094.7070000000001
1088.6859999999999
1090.896
1093.537
1095.367
1097.279
1089.6969999999999
1086.568
1098.9359999999999
1098.9670000000001
1091.5360000000001
1097.306
1092.6389999999999
1097.183
1102.508
1097.7439999999999
1097.749
1091.1559999999999
1092.01
1096.827
1092.7619999999999
1087.365
1078.0799999999999
1080.6300000000001
1085.5920000000001
1086.5530000000001
1085.771
1086.5709999999999
1078.8389999999999
1086.0899999999999
1085.441
1093.1600000000001
1089.47
1080.5360000000001
1085.402
1233.4780000000001
1450.7170000000001
1492.5
1531.5830000000001
1580.4190000000001
1600.8240000000001
1607.8710000000001
1606.1130000000001
1584.2650000000001
1582.9459999999999
1578.7829999999999
1570.2090000000001
1572.855
1575.4680000000001
1386.729
1104.6579999999999
1102.4659999999999
1096.095
1085.893
1096.625
1093.6099999999999
1102.4839999999999
1101.3140000000001
1094.875
1097.5820000000001
1092.586
1101.6869999999999
1111.6130000000001
1106.672
1112.3440000000001
1107.518
1102.3019999999999
1109.3240000000001
1109.231
1112.5129999999999
1111.538
1103.443
1095.5360000000001
1103.4590000000001
1097.8430000000001
1100.6279999999999
1106.5509999999999
1102.3979999999999
1098.778
1102.7429999999999
1102.4739999999999
1107.05
1099.627
1086.8009999999999
1081.316
1084.443
1083.4190000000001
1087.981
1087.8050000000001
1075.4880000000001
1078.1210000000001
1069.604
1079.1410000000001
1080.4690000000001
1073.018
1075.5640000000001
1069.625
1073.0530000000001
1079.77
1078.567
1088.086
1084.7829999999999
1078.4300000000001
1076.0329999999999
1090.854
1093.5940000000001
1098.653
1097.518
1092.6579999999999
1090.03
1082.683
1090.4690000000001
1096.0920000000001
1094.4459999999999
1100.1780000000001
1095.277
1088.682
1098.5940000000001
1096.297
1099.1679999999999
1098.6500000000001
1090.8420000000001
1089.5150000000001
1094.588
1092.7470000000001
1093.7270000000001
1098.454
1094.4200000000001
1095.393
1089.1800000000001
1094.5540000000001
1099.037
1092.5989999999999
1095.1969999999999
1088.4480000000001
1084.4079999999999
1089.374
1086.354
1093.058
1084.8920000000001
1078.72
1074.72
1079.3599999999999
1085.079
1085
1078.5509999999999
1081.4100000000001
1075.152
1083.779
1087.7909999999999
1089.1510000000001
1085.848
1087.4480000000001
1078.7819999999999
1088.915
1092.3489999999999
1086.884
1087.395
1077.529
1366.1690000000001
1464.296
1505.6869999999999
1549.2090000000001
1582.6410000000001
1608.559
1604.77
1601.1310000000001
1595.4400000000001
1576.095
1571.309
1572.337
1570.5609999999999
1572.125
1166.2660000000001
1094.259
1100.385
1100.106
1106.2919999999999
1100.9380000000001
1097.1079999999999
1094.7080000000001
1105.106
1107.1759999999999
1095.6469999999999
1108.222
1109.0119999999999
1113.749
1104.5340000000001
1110.7550000000001
1111.143
1118.1759999999999
1110.171
1110.6389999999999
1117.453
1112.7449999999999
1116.0640000000001
1105.789
1108.481
1107.2819999999999
1112.9369999999999
1104.47
1095.8130000000001
1109.739
1107.921
1110.316
1101.99
1086.9490000000001
1090.25
1086.3320000000001
1094.114
1090.915
1083.675
1091.759
1089.8520000000001
1098.6859999999999
1099.377
1095.01
1095.518
1091.9259999999999
1093.2860000000001
1101.875
1101.2239999999999
1095.933
1093.8969999999999
1087.472
1095.056
1101.6780000000001
1098.395
1104.5609999999999
1094.6079999999999
1092.6880000000001
1099.0650000000001
1098.52
1106.4179999999999
1102.1099999999999
1091.3150000000001
1100.1759999999999
1098.798
1103.1790000000001
1098.954
1092.6400000000001
1093.4749999999999
1086.816
1094.895
1093.951
1087.509
1091.1510000000001
1081.6790000000001
1078.855
1086.1120000000001
1084.1199999999999
1090.3989999999999
1091.9300000000001
1085.7159999999999
1083.7249999999999
1087.701
1085.5329999999999
1090.7329999999999
1088.115
1085.231
1087.412
1078.191
1089.453
1094.3810000000001
1088.992
1091.6189999999999
1089.2460000000001
1088.412
1097.6279999999999
1094.6759999999999
1101.2919999999999
1099.7829999999999
1091.97
1093.8499999999999
1098.567
1102.4749999999999
1107.2829999999999
1100.6130000000001
1098.479
1095.2439999999999
1189.367
1460.2629999999999
1508.79
1553.7080000000001
1589.152
1605.204
1622.2049999999999
1619.0160000000001
1603.0229999999999
1595.1120000000001
1579.607
1583.2370000000001
1582.6179999999999
1571.6289999999999
1329.8789999999999
1104.4480000000001
1096.45
1103.193
1103.828
1108.5609999999999
1098.3610000000001
1103.384
1098.5050000000001
1101.6769999999999
1106.183
1096.462
1097.9200000000001
1099.28
1109.845
1106.2929999999999
1104.1030000000001
1102.2280000000001
1094.9849999999999
1101.288
1097.6849999999999
1092.059
1089.249
1097.836
1092.616
1095.2729999999999
1089.2270000000001
1091.221
1095.0840000000001
1094.9659999999999
1088.779
1088.097
1077.979
1093.577
1092.1700000000001
1097.6590000000001
1086.8040000000001
1094.9290000000001
1092.617
1098.864
1096.0419999999999
1090.828
1095.7049999999999
1098.03
1091.0599999999999
1089.2180000000001
1084.3589999999999
1085.3820000000001
1091.944
1092.758
1086.9459999999999
1082.9929999999999
1092.788
1099.1310000000001
1096.26
1090.6679999999999
1093.8150000000001
1095.5830000000001
1103.076
1098.1010000000001
1088.5930000000001
1093.2360000000001
1088.4459999999999
1094.21
1086.857
1094.664
1093.249
1099.0809999999999
1092.9280000000001
1088.6289999999999
1094.7729999999999
1097.557
1089.1990000000001
1090.8389999999999
1101.0519999999999
1097.6079999999999
1093.077
1096.4670000000001
1102.1579999999999
1094.943
1092.078
1090.6469999999999
1093.0419999999999
1083.0699999999999
1088.4300000000001
1085.9159999999999
1091.6880000000001
1086.162
1079.4010000000001
1089.991
1097.2080000000001
1100.6110000000001
1089.9449999999999
1086.597
1472.0999999999999
1533.5039999999999
1607.5429999999999
1599.212
1600.229
1601.049
1588.421
1583.5450000000001
1571.2280000000001
1580.0909999999999
1579.9760000000001
1466.4939999999999
1102.221
1107.8910000000001
1115.22
1108.8109999999999
1108.0139999999999
1108.3820000000001
1113.8879999999999
1108.9449999999999
1104.4949999999999
1114.2380000000001
1109.048
1110.6300000000001
1104.337
1113.8869999999999
1110.684
1107.652
1109.3309999999999
1114.22
1115.7539999999999
1107.771
1110.9059999999999
1108.4780000000001
1116.1189999999999
1111.7850000000001
1104.9010000000001
1112.097
1117.711
1118.174
1104.646
1112.8720000000001
1109.2460000000001
1115.2539999999999
1095.2339999999999
1093.2070000000001
1095.961
1101.8420000000001
1098.2180000000001
1091.7750000000001
1103.0650000000001
1102.627
1093.53
1103.52
1109.2180000000001
1102.29
1099.058
1104.5540000000001
1098.0350000000001
1102.9670000000001
1096.2719999999999
1103.395
1099.5340000000001
1094.8389999999999
1083.509
1092.78
1089.6099999999999
1093.088
1091.0550000000001
1098.347
1092.777
1086.2619999999999
1094.7529999999999
1090.518
1094.2049999999999
1090.8389999999999
1090.2180000000001
1086
1093.0740000000001
1085.462
1092.181
1093.5640000000001
1100.309
1100.1990000000001
1091.4929999999999
1101.3140000000001
1091.8910000000001
1101.9069999999999
1097.874
1088.3230000000001
1091.8309999999999
1096.6320000000001
1098.0930000000001
1101.4849999999999
1097.854
1090.2719999999999
1098.847
1106.615
1101.1310000000001
1101.452
1096.7439999999999
1105.086
1106.7349999999999
1095.7719999999999
1103.0550000000001
1099.729
1104.3920000000001
1098.3440000000001
1097.8720000000001
1094.731
1101.6700000000001
1105.3630000000001
1099.4480000000001
1102.521
1095.617
1104.943
1105.7180000000001
1095.9849999999999
1100.819
1094.537
1104.0429999999999
1105.7909999999999
1101.5239999999999
1100.2940000000001
1095.835
1103.5360000000001
1107.0799999999999
1100.3030000000001
1103.9369999999999
1095.393
1099.3399999999999
1103.941
1101.3440000000001
1104.413
1094.8040000000001
1092.6289999999999
1102.127
1098.252
1100.279
1096.7719999999999
1094.4480000000001
1096.489
1102.116
1099.6500000000001
1087.942
1085.164
1091.154
1088.7629999999999
1092.9549999999999
1092.229
1086.809
1089.0070000000001
1082.182
1092.2629999999999
1084.6110000000001
1078.566
1081.6600000000001
1085.8530000000001
1086.0229999999999
1078.1510000000001
1085.443
1089.2550000000001
1090.9179999999999
1085.5519999999999
1092.8910000000001
1090.443
1096.6569999999999
1098.579
1089.2370000000001
1097.095
1095.5989999999999
1101.681
1090.6600000000001
1100.155
1099.2660000000001
1099.202
1094.1669999999999
1098.3050000000001
1101.9970000000001
1097.4280000000001
1095.578
1095.434
1101.7760000000001
1102.0889999999999
1097.5139999999999
1094.2909999999999
1101.0619999999999
1104.5129999999999
1091.7570000000001
1101.5139999999999
1103.5550000000001
1103.6890000000001
1093.317
1102.0419999999999
1106.104
1104.048
1095.788
1107.136
1102.6880000000001
1107.5139999999999
1095.3610000000001
1107.9949999999999
1106.298
1105.5239999999999
1097.913
1100.4839999999999
1103.895
1094.7360000000001
1100.558
1094.538
1106.934
1100.2660000000001
1100.741
1095.501
1106.825
1104.146
1092.9780000000001
1102.163
1100.511
1105.5609999999999
1097.0630000000001
1104.454
1103.4970000000001
1109.8030000000001
1099.0930000000001
1101.7670000000001
1103.7280000000001
1108.711
1095.4649999999999
1097.1179999999999
1105.8630000000001
1100.3879999999999
1099.71
1092.4259999999999
1103.9380000000001
1101.76
1099.0519999999999
1093.181
1106.4110000000001
1107.99
1099.306
1104.02
1105.4110000000001
1106.2070000000001
1098.171
1100.394
1101.769
1101.6569999999999
1092.6420000000001
1101.684
1096.45
1102.817
1091.204
1099.165
1099.5250000000001
1095.1420000000001
1090.0409999999999
1096.335
1099.1500000000001
1093.201
1088.6690000000001
1102.5640000000001
1099.588
1091.729
1096.5219999999999
1100.3800000000001
1097.886
1090.3989999999999
1098.653
1097.4280000000001
1103.9849999999999
1094.008
1100.8879999999999
1103.633
1097.0540000000001
1090.309
1101.143
1099.854
1096.0740000000001
1085.4359999999999
1098.155
1095.309
1097.5450000000001
1097.748
1103.6759999999999
1095.0309999999999
1099.0519999999999
1103.2139999999999
1100.5809999999999
1095.799
1099.009
1104.8140000000001
1099.9380000000001
1101.0799999999999
1097.8800000000001
1110.338
1106.97
1105.0519999999999
1096.6020000000001
1103.912
1110.5309999999999
1094.808
1100.3530000000001
1097.8420000000001
1104.5989999999999
1097.4380000000001
1095.6369999999999
1098.376
1102.3499999999999
1097.693
1089.1659999999999
1098.0450000000001
1100.134
1096.816
1090.896
1095.0909999999999
1107.134
1383.4580000000001
1417.0329999999999
1458.0940000000001
1509.72
1546.7819999999999
1581.8340000000001
1592.146
1607.944
1607.682
1597.864
1579.692
1587.4349999999999
1587.933
1578.729
1573.652
1569.297
1574.3009999999999
1117.704
1107.8820000000001
1105.5509999999999
1104.1659999999999
1115.1389999999999
1108.6469999999999
1109.8050000000001
1102.675
1114.732
1109.146
1108.1020000000001
1101.1389999999999
1113.173
1107.7429999999999
1101.473
1106.461
1107.4580000000001
1112.614
1112.694
1104.5599999999999
1111.693
1113.8879999999999
1118.364
1106.386
1107.9839999999999
1096.905
1105.604
1104.8140000000001
1100.029
1107.204
1108.373
1115.3299999999999
1105.0830000000001
1111.5630000000001
1108.4480000000001
1116.2940000000001
1110.384
1114.318
1118.0070000000001
1114.2339999999999
1109.336
1107.7239999999999
1115.0519999999999
1105.2750000000001
1104.6869999999999
1103.068
1109.9570000000001
1106.867
1106.75
1100.5070000000001
1111.4069999999999
1108.085
1098.8240000000001
1103.8689999999999
1102.434
1107.4100000000001
1100.403
1102.9690000000001
1103.4349999999999
1109.537
1105.191
1097.807
1102.6179999999999
1109.2159999999999
1105.491
1099.3589999999999
1109.9079999999999
1106.72
1111.9760000000001
1100.1659999999999
1109.1510000000001
1107.789
1105.5640000000001
1100.97
1104.009
1107.144
1103.6089999999999
1096.2239999999999
1097.1300000000001
1105.816
1100.575
1100.864
1095.597
1105.6089999999999
1098.2049999999999
1095.021
1096.0699999999999
1102.828
1096.6969999999999
1095.25
1106.145
1100.1659999999999
1099.9010000000001
1100.164
1108.029
1101.4010000000001
1099.4870000000001
1098.357
1103.6120000000001
1090.271
1089.8489999999999
1076.5650000000001
1087.7070000000001
1072.252
1075.019
1075.932
1082.3989999999999
1073.3330000000001
1081.1300000000001
1085.373
1079.0170000000001
1069.009
1078.7950000000001
1082.5540000000001
1078.223
1074.6120000000001
1079.6300000000001
1082.4580000000001
1072.941
1079.057
1080.7739999999999
1084.3440000000001
1069.8969999999999
1074.0070000000001
1069.5
1071.3679999999999
1061.922
1069.269
1069.5039999999999
1076.7860000000001
1071.077
1071.6800000000001
1080.232
1074.3330000000001
1068.9010000000001
1076.2940000000001
1082.875
1075.5699999999999
1088.6790000000001
1090.7339999999999
1091.277
1078.71
1085.865
1082.45
1086.8989999999999
1076.8599999999999
1073.568
1081.798
1156.2070000000001
1379.7950000000001
1435.0170000000001
1481.0519999999999
1520.1400000000001
1554.9939999999999
1593.6420000000001
1606.338
1585.877
1592.7670000000001
1587.7840000000001
1582.4839999999999
1560.1600000000001
1566.8040000000001
1563.0940000000001
1562.998
1529.2149999999999
1095.451
1090.826
1098.547
1092.248
1089.299
1098.5319999999999
1092.739
1092.2619999999999
1088.9839999999999
1102.336
1095.1559999999999
1090.864
1084.316
1097.0899999999999
1089.662
1093.807
1088.04
1098.9929999999999
1095.972
1085.617
1092.829
1097.1790000000001
1094.4549999999999
1078.0909999999999
1080.2840000000001
1076.8320000000001
1075.0530000000001
1066.0519999999999
1076.2570000000001
1073.4400000000001
1069.4190000000001
1074.3699999999999
1081.299
1073.623
1078.3710000000001
1078.451
1082.614
1071.46
1080.7529999999999
1080.2349999999999
1082.508
1070.9690000000001
1083.896
1079.386
1079.181
1083.403
1074.8050000000001
1076.4169999999999
1079.319
1084.6210000000001
1074.479
1085.066
1079.336
1077.3900000000001
1068.7570000000001
1076.4670000000001
1069.366
1070.3530000000001
1070.396
1075.6969999999999
1071.105
1071.154
1070.1669999999999
1079.155
1070.9970000000001
1074.903
1076.0139999999999
1081.7339999999999
1074.6949999999999
1077.433
1074.3389999999999
1067.413
1076.838
1074.8620000000001
1068.588
1073.5070000000001
1079.614
1078.463
1070.1130000000001
1075.7670000000001
1079.4949999999999
1078.5540000000001
1068.0799999999999
1078.1859999999999
1073.1780000000001
1073.251
1062.6559999999999
1078.3299999999999
1074.8889999999999
1077.0989999999999
1068.9290000000001
1083.048
1074.5239999999999
1071.4449999999999
1079.941
1078.5219999999999
1068.5170000000001
1075.825
1080.703
1077.3879999999999
1064.9010000000001
1076.51
1074.473
1076.1969999999999
1067.319
1069.7639999999999
1072.885
1068.586
1067.703
1064.9739999999999
1069.7280000000001
1068.1990000000001
1062.345
1073.011
1070.2719999999999
1067.549
1062.5050000000001
1068.078
1076.6679999999999
1064.6700000000001
1066.357
1073.2329999999999
1066.7449999999999
1298.5440000000001
1403.6669999999999
1452.316
1488.6869999999999
1534.808
1568.252
1592.4200000000001
1576.9259999999999
1579.7919999999999
1578.876
1564.5050000000001
1559.4280000000001
1547.549
1554.8019999999999
1552.8789999999999
1545.5
1124.432
1082.374
1088.114
1084.202
1090.635
1078.2829999999999
1089.7239999999999
1086.527
1082.5989999999999
1080.6769999999999
1083.5640000000001
1088.2809999999999
1079.7070000000001
1081.2339999999999
1079.7639999999999
1086.6389999999999
1077.569
1084.3109999999999
1090.4259999999999
1078.778
1088.249
1085.9169999999999
1090.1410000000001
1074.5260000000001
1078.6600000000001
1075.7719999999999
1072.0319999999999
1067.066
1075.5509999999999
1070.472
1062.3979999999999
1070.8679999999999
1077.4770000000001
1075.4159999999999
1072.364
1073.931
1078.306
1065.627
1078.3150000000001
1075.509
1063.258
1073.982
1071.5260000000001
1064.5830000000001
1072.3030000000001
1074.8019999999999
1075.8019999999999
1069.7660000000001
1078.7090000000001
1074.925
1074.1790000000001
1066.5550000000001
1078.0309999999999
1071.7760000000001
1072.9590000000001
1072.5940000000001
1080.1579999999999
1067.2619999999999
1075.0509999999999
1073.297
1080.5889999999999
1070.22
1075.087
1073.4770000000001
1078.9960000000001
1070.5070000000001
1065.981
1067.683
1074.527
1065.873
1072.3150000000001
1071.8710000000001
1066.5940000000001
1061.3589999999999
1067.4970000000001
1074.635
1069.335
1071.4059999999999
1074.3199999999999
1062.924
1069.3099999999999
1068.075
1072.9960000000001
1068.5909999999999
1073.7550000000001
1072.8019999999999
1079.1700000000001
1071.2560000000001
1070.2760000000001
1074.2929999999999
1072.011
1069.258
1064.5139999999999
1074.979
1068.8979999999999
1069.421
1063.7639999999999
1072.8879999999999
1072.152
1073.5719999999999
1078.9939999999999
1076.567
1064.9690000000001
1070.038
1073.258
1065.6099999999999
1075.1800000000001
1074.7750000000001
1071.836
1071.6120000000001
1079.354
1066.3420000000001
1073.345
1076.191
1078.6310000000001
1068.604
1071.8130000000001
1073.1669999999999
1076.171
1067.1869999999999
1073.904
1073.7090000000001
1068.7360000000001
1079.259
1075.8109999999999
1076.307
1069.876
1076.2059999999999
1073.615
1065.3499999999999
1073.1600000000001
1074.547
1074.0450000000001
1066.395
1071.5840000000001
1076.883
1076.4939999999999
1077.962
1075.7139999999999
1078.249
1070.5429999999999
1079.5519999999999
1074.7850000000001
1077.222
1080.962
1076.5340000000001
1076.1179999999999
1070.9349999999999
1080.7239999999999
1065.4690000000001
1075.136
1070.425
1074.4490000000001
1069.1669999999999
1070.329
1071.933
1077.6769999999999
1065.6479999999999
1074.8219999999999
1073.0830000000001
1075.241
1067.771
1076.223
1077.7339999999999
1067.2439999999999
1078.585
1067.729
1071.0799999999999
1063.972
1070.8710000000001
1056.258
1066.7670000000001
1060.4349999999999
1062.2149999999999
1053.741
1063.848
1059.9079999999999
1060.4110000000001
1054.771
1069.0740000000001
1062.298
1066.309
1060.223
1070.356
1058.3699999999999
1073.8040000000001
1075.2270000000001
1072.95
1073.4659999999999
1080.943
1067.9200000000001
1074.71
1076.2159999999999
1077.289
1067.5070000000001
1073.731
1073.73
1078.4580000000001
1068.6469999999999
1080.5599999999999
1079.431
1079.6379999999999
1072.5930000000001
1081.7329999999999
1074.587
1079.3140000000001
1075.9770000000001
1081.057
1071.845
1079.3630000000001
1081.163
1084.9590000000001
1076.489
1081.788
1079.951
1084.0319999999999
1074.2729999999999
1083.7719999999999
1081.6700000000001
1079.1020000000001
1073.6400000000001
1079.798
1083.6610000000001
1075.8040000000001
1080.713
1087.0519999999999
1081.9949999999999
1077.6179999999999
1080.7919999999999
1079.645
1072.3199999999999
1083.277
1080.134
1079.146
1070.53
1083.0650000000001
1080.1579999999999
1078.7729999999999
1073.3299999999999
1082.4780000000001
1084.4010000000001
1080.866
1074.0029999999999
1076.5989999999999
1085.703
1076.6980000000001
1080.1659999999999
1072.617
1084.5730000000001
1082.4469999999999
1072.8320000000001
1081.3699999999999
1085.672
1083.8530000000001
1073.518
1080.932
1082.134
1087.335
1079.0709999999999
1085.355
1082.645
1084.008
1074.52
1086.5830000000001
1081.6659999999999
1080.9760000000001
1072.932
1080.4970000000001
1075.7059999999999
1068.806
1083.4939999999999
1079.6510000000001
1072.027
1084.0699999999999
1081.357
1084.704
1075.5160000000001
1084.0830000000001
1082.242
1081.7470000000001
1072.184
1082.8030000000001
1079.1179999999999
1076.258
1071.55
1073.865
1076.5170000000001
1067.454
1074.2819999999999
1068.261
1076.097
1077.0640000000001
1069.365
1080.519
1084.3130000000001
1077.5530000000001
1080.374
1082.424
1085.7280000000001
1075.9659999999999
1079.154
1081.826
1087.021
1090.415
1082.9400000000001
1081.5640000000001
1087.652
1077.2650000000001
1081.3
396.15280000000001
