1157.396
1162.038
1153.165
1162.201
1164.623
1155.9480000000001
1157.146
1150.6890000000001
1171.4739999999999
1171.002
1165.229
1163.623
1161.335
1168.402
1157.605
1161.0820000000001
1158.403
1165.9670000000001
1168.8869999999999
1157.6079999999999
1159.5070000000001
1153.2560000000001
1162.934
1164.9280000000001
1154.2850000000001
1157.998
1154.972
1160.6600000000001
1161.951
1155.9280000000001
1149.3409999999999
1148.413
1161.6130000000001
1157.2349999999999
1159.3720000000001
1149.884
1157.768
1155.298
1147.1210000000001
1154.365
1150.6969999999999
1159.7570000000001
1157.0630000000001
1146.096
1147.172
1138.596
1148.9639999999999
1152.2840000000001
1148.74
1144.345
1142.682
1154.799
1149.1379999999999
1147.8199999999999
1143.1099999999999
1150.557
1153.145
1145.9400000000001
1148.2180000000001
1149.9770000000001
1154.558
1150.502
1153.327
1150.8019999999999
1159.644
1151.2919999999999
1149.3610000000001
1149.682
1158.463
1152.78
1146.2670000000001
1157.568
1156.009
1154.412
1144.7439999999999
1147.837
1152.365
1156.442
1144.596
1143.337
1152.7190000000001
1145.98
1151.7249999999999
1142.28
1152.172
1152.7840000000001
1151.8610000000001
1151.577
1147.4760000000001
1157.5989999999999
1155.585
1150.635
1143.0640000000001
1153.0840000000001
1152.3630000000001
1144.7840000000001
1141.972
1145.144
1150.2940000000001
1146.5419999999999
1144.7090000000001
1136.357
1149.6369999999999
1145.4169999999999
1139.8489999999999
1142.7429999999999
1141.3330000000001
1142.309
1134.8330000000001
1141.153
1139.1890000000001
1137.9590000000001
1137.1959999999999
1149.0170000000001
1144.3140000000001
1148.547
1136.9870000000001
1143.761
1153.4939999999999
1148.9580000000001
1145.2339999999999
1147.4010000000001
1155.739
1141.412
1142.4010000000001
1134.8820000000001
1144.001
1148.6369999999999
1145.875
1140.135
1144.22
1155.2729999999999
1149.01
1148.8889999999999
1142.6189999999999
1152.3630000000001
1155.472
1145.394
1148.4780000000001
1139.6010000000001
1151.885
1141.9490000000001
1135.7860000000001
1143.9300000000001
1145.327
1144.26
1137.8399999999999
1141.8240000000001
1139.1410000000001
1140.721
1143.106
1134.364
1140.162
1129.453
1144.1500000000001
1139.404
1133.229
1141.7550000000001
1144.8599999999999
1144.085
1136.021
1141.6980000000001
1139.019
1147.549
1141.115
1139.114
1139.2460000000001
1140.7159999999999
1147.3150000000001
1140.9939999999999
1138.2449999999999
1138.9670000000001
1146.7059999999999
1144.931
1134.7729999999999
1142.8299999999999
1144.9680000000001
1153.229
1149.298
1139.2529999999999
1144.7249999999999
1142.9000000000001
1149.431
1139.559
1143.068
1145.117
1144.6990000000001
1145.586
1136.4880000000001
1142.6610000000001
1140.836
1144.645
1135.8720000000001
1136.009
1136.7170000000001
1143.287
1137.963
1130.6759999999999
1141.5239999999999
1136.8009999999999
1140.7449999999999
1141.7739999999999
1143.48
1145.328
1140.22
1144.3399999999999
1135.5820000000001
1138.944
1144.568
1139.4010000000001
1137.9290000000001
1128.125
1137.6279999999999
1139.539
1144.671
1137.1890000000001
1135.223
1133.5309999999999
1141.664
1140.028
1143.327
1134.905
1129.6079999999999
1137.277
1134.604
1142.0429999999999
1138.97
1134.6900000000001
1135.6010000000001
1135.8699999999999
1139.0039999999999
1136.115
1135.818
1128.5999999999999
1129.8389999999999
1132.3140000000001
1136.403
1128.3889999999999
1127.922
1120.2159999999999
1122.029
1130.5429999999999
1126.1569999999999
1132.915
1122.2139999999999
1130.1279999999999
1128.5799999999999
1135.588
1138.518
1128.8879999999999
1136.9580000000001
1133.163
1141.2539999999999
1134.192
1135.4369999999999
1140.432
1136.451
1144.943
1135.6320000000001
1143.6030000000001
1140.8230000000001
1137.9269999999999
1130.298
1127.2070000000001
1134.527
1131.146
1130.8
1121.807
1138.9280000000001
1129.9739999999999
1134.6079999999999
1132.4880000000001
1143.5429999999999
1138.6179999999999
1129.8140000000001
1139.645
1137.7629999999999
1145.145
1140.1120000000001
1137.76
1136.5550000000001
1144.568
1143.867
1133.259
1138.799
1131.1900000000001
1142.7180000000001
1149.5429999999999
1142.0709999999999
1141.537
1140.4739999999999
1143.335
1147.588
1146.29
1142.6949999999999
1136.0229999999999
1130.6700000000001
1138
1130.752
1137.8119999999999
1134.0360000000001
1125.796
1134.0250000000001
1129.251
1134.9269999999999
1126.95
1128.028
1141.356
1136.944
1144.3440000000001
1138.529
1128.1420000000001
1132.924
1131.6600000000001
1137.587
1138.146
1129.7349999999999
1138.412
1130.0609999999999
1135.394
1138.354
1130.5350000000001
1134.2059999999999
1132.2429999999999
1137.3240000000001
1139.4300000000001
1134.107
1133.2049999999999
1118.8920000000001
1131.3499999999999
1132.9880000000001
1126.7149999999999
1133.2760000000001
1125.0519999999999
1132.8530000000001
1135.53
1131.6300000000001
1137.636
1130.0329999999999
1133.1610000000001
1137.1780000000001
1133.5519999999999
1132.162
1129.6510000000001
1137.9059999999999
1136.623
1130.597
1107.336
1101.9459999999999
1119.306
1113.518
1112.221
1113.3789999999999
1115.299
1107.921
1110.329
1109.0309999999999
1113.3610000000001
1100.318
1112.9159999999999
1111.682
1113.7639999999999
1102.662
1111.3979999999999
1113.5640000000001
1115.5150000000001
1112.8989999999999
1132.5889999999999
1139.1600000000001
1129.713
1127.2940000000001
1127.691
1137.547
1131.809
1131.546
1125.6130000000001
1133.366
1139.537
1130.0150000000001
1129.3589999999999
1121.6079999999999
1129.366
1140.1130000000001
1133.4590000000001
1134.325
1136.1020000000001
1139.634
1147.9400000000001
1143.527
1146.518
1138.1880000000001
1134.173
1143.3309999999999
1145.298
1153.481
1147.9000000000001
1136.6959999999999
1147.1469999999999
1150.989
1155.211
1148.6900000000001
1137.288
1144.845
1143.3130000000001
1151.0170000000001
1147.9349999999999
1148.662
1144.2909999999999
1151.394
1146.963
1136.22
1140.9059999999999
1133.1869999999999
1143.424
1146.0650000000001
1139.3330000000001
1133.5129999999999
1121.4960000000001
1139.3720000000001
1146.6179999999999
1144.4010000000001
1138.431
1132.7090000000001
1143.9960000000001
1136.568
1137.5599999999999
1132.6379999999999
1144.2080000000001
1136.2670000000001
1134.798
1142.1110000000001
1145.8430000000001
1142.604
1135.6980000000001
1135.2339999999999
1136.8130000000001
1142.3489999999999
1137.6990000000001
1136.873
1131.1679999999999
1139.9200000000001
1141.998
1133.1659999999999
1136.3989999999999
1137.48
1138.4839999999999
1138.3119999999999
1137.375
1128.972
1128.537
1136.826
1134.5340000000001
1128.002
1119.0650000000001
1127.941
1132.5160000000001
1128.569
1137.0740000000001
1139.973
1142.615
1135.7449999999999
1139.162
1144.5150000000001
1142.7829999999999
1141.6790000000001
1126.8489999999999
1136.2059999999999
1133.211
1141.4770000000001
1133.2529999999999
1128.671
1131.6869999999999
1131.96
1138.6949999999999
1133.2139999999999
1127.452
1133.9590000000001
1134.098
1137.7329999999999
1134.9849999999999
1134.2449999999999
1127.325
1139.028
1141.45
1133.9829999999999
1134.2370000000001
1127.76
1130.8820000000001
1142.1110000000001
1133.806
1139.009
1134.7850000000001
1139.655
1142.518
1134.867
1139.3140000000001
1130.0840000000001
1135.152
1132.162
1132.626
1126.547
1127.5540000000001
1131.5029999999999
1127.239
1125.6310000000001
1119.7570000000001
1128.1559999999999
1133.4639999999999
1135.7909999999999
1132.5940000000001
1130.0840000000001
1138.8140000000001
1139.115
1134.345
1130.7919999999999
1133.3430000000001
1143.769
1132.45
1131.0239999999999
1126.4829999999999
1133.5260000000001
1138.7760000000001
1135.8009999999999
1134.018
1127.7639999999999
1137.2139999999999
1140.431
1134.5150000000001
1136.9749999999999
1132.3440000000001
1143.221
1142.9960000000001
1141.058
1132.903
1140.9059999999999
1144.377
1130.201
1134.559
1138.26
1140.2
1128.364
1134.8199999999999
1137.7059999999999
1143.5050000000001
1135.423
1136.6590000000001
1140.7339999999999
1138.03
1128.03
1132.7760000000001
1136.0139999999999
1138.4960000000001
1130.49
1138.998
1132.5999999999999
1128.835
1131.0070000000001
1142.5450000000001
1138.402
1138.105
1131.5150000000001
1136.454
1140.806
1131.1569999999999
1127.0039999999999
1125.627
1132.107
1124.846
1119.5129999999999
1115.2750000000001
1123.605
1130.749
1124.7940000000001
1121.0360000000001
1128.7139999999999
1133.239
1127.252
1124.7529999999999
1123.7370000000001
1132.22
1135.231
1134.944
1126.8130000000001
1131.296
1139.3299999999999
1128.2739999999999
1132.1489999999999
1130.905
1137.6279999999999
1134.001
1127.3309999999999
1130.9159999999999
1115.2829999999999
1120.953
1115.1969999999999
1113.1179999999999
1106.8420000000001
1114.3399999999999
1118.0350000000001
1108.925
1116.0060000000001
1110.078
1116.8679999999999
1111.9290000000001
1110.204
1114.258
1117.616
1117.3320000000001
1110.5319999999999
1121.2660000000001
1121.1969999999999
1122.9649999999999
1109.415
1120.655
1115.8140000000001
1123.1400000000001
1112.075
1106.46
1115.0920000000001
1111.7159999999999
1119.0450000000001
1110.8230000000001
1114.8779999999999
1120.787
1114.2180000000001
1111.8489999999999
1108.2929999999999
1118.01
1119.3689999999999
1123.624
1118.9659999999999
1122.6010000000001
1121.0519999999999
1113.6079999999999
1112.873
1118.5340000000001
1111.806
1120.521
1119.6880000000001
1126.761
1129.1420000000001
1122.3879999999999
1129.5409999999999
1132.0050000000001
1137.162
1133.4559999999999
1126.174
1139.885
1141.856
1138.3779999999999
1131.29
1141.6400000000001
1133.213
1130.643
1134.9770000000001
1135.9100000000001
1135.7249999999999
1125.9849999999999
1130.2439999999999
1126.7650000000001
1136.0229999999999
1140.6659999999999
1135.4179999999999
1129.4159999999999
1134.1379999999999
1126.107
1120.7819999999999
1123.106
1320.876
1555.4559999999999
1613.2
1634.1120000000001
1636.7170000000001
1619.424
1601.4459999999999
1598.431
1587.981
1601.2460000000001
1420.577
1123.0820000000001
1116.6569999999999
1119.027
1125.7190000000001
1114.008
1124.133
1121.7850000000001
1126.2570000000001
1114.4079999999999
1123.0530000000001
1128.643
1120.2560000000001
1131.3679999999999
1130.992
1131.74
1121.4490000000001
1131.424
1136.3240000000001
1132.9580000000001
1129.2570000000001
1134.336
1133.537
1127.0309999999999
1132.674
1139.7280000000001
1133.3309999999999
1126.674
1131.0350000000001
1137.136
1133.595
1126.2860000000001
1138.1400000000001
1135.0999999999999
1135.752
1128.3209999999999
1132.114
1123.989
1113.211
1122.626
1123.7529999999999
1117.354
1125.106
1127.6890000000001
1124.7049999999999
1114.3969999999999
1121.4069999999999
1126.597
1124.454
1115.8199999999999
1126.126
1125.498
1129.7190000000001
1116.732
1118.501
1124.971
1118.6300000000001
1118.085
1121.277
1120.741
1117.9929999999999
1111.8499999999999
1113.925
1118.6079999999999
1108.8979999999999
1114.97
1117.809
1122.5260000000001
1111.1610000000001
1112.6569999999999
1115.9860000000001
1108.8789999999999
1110.182
1115.0129999999999
1111.595
1109.8810000000001
1102.788
1086.126
1087.277
1092.354
1087.5519999999999
1095.4580000000001
1091.46
1095.1469999999999
1087.229
1097.261
1086.1669999999999
1083.2159999999999
1086.1769999999999
1085.3689999999999
1086.0260000000001
1085.626
1092.0239999999999
1085.6010000000001
1087.0709999999999
1105.375
1109.2460000000001
1111.9670000000001
1106.1890000000001
1104.068
1110.682
1116.3409999999999
1110.607
1104.482
1110.596
1102.153
1099.5070000000001
1109.973
1108.126
1109.537
1102.71
1110.4349999999999
1102.9839999999999
1104.1400000000001
1103.4100000000001
1110.6389999999999
1101.1610000000001
1105.9190000000001
1110.4739999999999
1105.8150000000001
1098.1700000000001
1112.194
1107.645
1108.028
1100.9739999999999
1111.153
1107.4010000000001
1101.4010000000001
1108.6310000000001
1113.3109999999999
1107.973
1105.8530000000001
1115.3040000000001
1109.8699999999999
1106.4739999999999
1106.0740000000001
1106.9949999999999
1091.922
1101.8199999999999
1107.202
1112.7739999999999
1118.077
1120.2550000000001
1300.182
1513.527
1574.8309999999999
1623.046
1632.6669999999999
1630.4280000000001
1602.489
1605.5540000000001
1597.2539999999999
1580.0070000000001
1329.7760000000001
1125.424
1110.576
1115.921
1116.049
1123.6030000000001
1113.3889999999999
1123.8420000000001
1117.8910000000001
1117.404
1109.8340000000001
1118.6389999999999
1123.114
1113.0740000000001
1120.8040000000001
1125.9100000000001
1126.3699999999999
1117.576
1123.577
1132.0630000000001
1129.163
1124.2719999999999
1136.846
1135.0119999999999
1138.74
1132.492
1142.431
1131.153
1131.741
1124.8430000000001
1136.5150000000001
1130.5070000000001
1117.066
1122.6320000000001
1128.9459999999999
1129.431
1117.6400000000001
1127.8889999999999
1131.627
1135.0239999999999
1123.866
1137.2539999999999
1133.5719999999999
1134.7080000000001
1134.0239999999999
1144.787
1132.4090000000001
1137.431
1134.415
1141.297
1127.366
1134.867
1137.252
1132.2940000000001
1121.5989999999999
1131.1890000000001
1124.5899999999999
1127.1310000000001
1124.5260000000001
1134.9849999999999
1130.2380000000001
1131.0709999999999
1121.7090000000001
1134.328
1132.633
1124.049
1128.51
1131.021
1125.1659999999999
1113.8610000000001
1118.1079999999999
1124.3710000000001
1117.4939999999999
1115.3979999999999
1126.0450000000001
1116.375
1119.664
1108.7539999999999
1116.691
1114.8240000000001
1115.606
1102.71
1117.338
1117.5540000000001
1114.7339999999999
1108.567
1113.126
1117.539
1114.5150000000001
1113.655
1108.298
1118.048
1118.5309999999999
1075.231
1100.2429999999999
1100.4059999999999
1107.5070000000001
1099.104
1103.374
1104.402
1103.8389999999999
1091.3610000000001
1096.8050000000001
1101.6189999999999
1102.684
1091.1600000000001
1102.059
1097.5319999999999
1100.3119999999999
1094.3579999999999
1092.0940000000001
1106.9929999999999
1104.433
1105.644
1097.3800000000001
1111.3869999999999
1108.0150000000001
1110.2339999999999
1103.5509999999999
1106.826
1108.961
1107.146
1104.0360000000001
1107.0909999999999
1117.2149999999999
1110.6389999999999
1111.9159999999999
1106.4269999999999
1119.7550000000001
1118.4880000000001
1107.4949999999999
1112.8779999999999
1111.277
1114.231
1103.759
1106.633
1102.175
1302.902
1483.2429999999999
1552.3820000000001
1595.0150000000001
1625.623
1616.575
1628.25
1620.9960000000001
1606.607
1588.8499999999999
1594.7670000000001
1590.5150000000001
1579.087
1174.5
1113.3699999999999
1120.0119999999999
1118.146
1116.335
1109.548
1118.125
1114.5909999999999
1102.47
1110.02
1109.585
1112.146
1101.8119999999999
1111.502
1106.2460000000001
1110.3610000000001
1098.6590000000001
1105.944
1107.2739999999999
1112.7470000000001
1108.2449999999999
1111.296
1109.0219999999999
1102.606
1099.8389999999999
1107.5409999999999
1098.028
1102.1030000000001
1105.95
1111.3299999999999
1105.0309999999999
1104.0129999999999
1110.954
1115.556
1111.21
1106.2090000000001
1112.6020000000001
1110.74
1121.414
1118.4079999999999
1111.453
1119.47
1119.395
1122.499
1117.2529999999999
1121.3520000000001
1118.1410000000001
1120.8879999999999
1109.511
1104.374
1112.1790000000001
1115.596
1114.4549999999999
1102.181
1097.7840000000001
1096.9090000000001
1104.3489999999999
1099.0409999999999
1092.2940000000001
1103.741
1098.4659999999999
1099.8099999999999
1094.8920000000001
1099.8520000000001
1102.6590000000001
1101.348
1096.8109999999999
1095.1220000000001
1101.2049999999999
1098.404
1106.499
1099.0160000000001
1092.701
1099.973
1092.3710000000001
1097.277
1083.318
1089.4549999999999
1095.4380000000001
1089.932
1095.259
1088.46
1094.8620000000001
1099.595
1103.336
1100.079
1087.7239999999999
1092.117
1101.626
1102.6410000000001
1102.845
1099.3320000000001
1093.7750000000001
1090.6279999999999
1099.8140000000001
1094.9069999999999
1090.2449999999999
1094.5
1094.973
1101.643
1101.6959999999999
1090.25
1093.432
1084.0070000000001
1094.2560000000001
1095.8489999999999
1084.308
1088.7550000000001
1085.924
1097.461
1096.7809999999999
1088.046
1091.607
1091.2149999999999
1099.74
1094.9829999999999
1097.2090000000001
1089.9079999999999
1096.548
1098.0830000000001
1141.3150000000001
1458.8520000000001
1517.2090000000001
1565.1880000000001
1588.9860000000001
1616.373
1611.9010000000001
1608.9159999999999
1583.1110000000001
1581.4200000000001
1579.829
1571.576
1559.6310000000001
1443.6020000000001
1101.876
1099.1679999999999
1103.5
1104.154
1109.1220000000001
1115.26
1111.4169999999999
1110.2629999999999
1105.4849999999999
1107.27
1118.6769999999999
1112.979
1114.9760000000001
1106.0350000000001
1107.1610000000001
1113.5550000000001
1120.3009999999999
1119.3109999999999
1111.1030000000001
1120.4739999999999
1113.77
1119.7339999999999
1121.4860000000001
1119.5440000000001
1116.0450000000001
1114.527
1107.23
1111.7840000000001
1118.1220000000001
1113.7850000000001
1121.088
1112.539
1105.6569999999999
1111.578
1112.8530000000001
1119.1759999999999
1115.5830000000001
1107.0640000000001
1101.9570000000001
1094.665
1100.605
1107.3789999999999
1100.1869999999999
1090.704
1092.72
1083.2529999999999
1085.5039999999999
1095.5319999999999
1091.7850000000001
1093.626
1086.777
1093.0799999999999
1097.9780000000001
1098.627
1089.2239999999999
1082.0840000000001
1089.644
1086.819
1085.998
1079.655
1088.018
1090.0039999999999
1095.7950000000001
1093.72
1087.75
1091.499
1087.4359999999999
1099.788
1105.8800000000001
1095.172
1097.2190000000001
1092.021
1101.145
1104.7539999999999
1099.962
1100.492
1098.6110000000001
1104.125
1105.241
1106.4880000000001
1102.135
1101.066
1109.4870000000001
1113.4290000000001
1105.3499999999999
1104.644
1099.75
1102.297
1110.4059999999999
1103.268
1106.146
1097.365
1105.0219999999999
1111.367
1105.681
1105.509
1094.317
1104.8050000000001
1105.6900000000001
1108.268
1107.9549999999999
1097.1869999999999
1095.7629999999999
1099.9449999999999
1101.867
1103.7940000000001
1098.933
1094.5719999999999
1104.6210000000001
1166.008
1478.1780000000001
1518.577
1565.318
1616.297
1631.913
1638.6479999999999
1630.4359999999999
1612.6859999999999
1602.442
1589.3879999999999
1595.521
1596.7449999999999
1523.886
1121.451
1119.001
1107.3810000000001
1109.3889999999999
1107.154
1108.4490000000001
1114.047
1114.136
1108.674
1112.5360000000001
1112.558
1113.364
1104.2919999999999
1104.1130000000001
1097.575
1104.364
1109.3679999999999
1103.5250000000001
1107.9649999999999
1101.2249999999999
1108.873
1103.5519999999999
1099.4300000000001
1103.4179999999999
1098.9670000000001
1106.297
1100.2260000000001
1106.972
1103.864
1114.8699999999999
1112.72
1102.325
1109.9069999999999
1109.0440000000001
1119.8320000000001
1112.299
1109.4670000000001
1114.749
1119.48
1117.566
1113.3340000000001
1104.97
1111.9280000000001
1116.7560000000001
1126.6510000000001
1117.335
1106.1020000000001
1097.3309999999999
1091.692
1103.0630000000001
1108.402
1098.6759999999999
1094.9469999999999
1098.211
1105.702
1101.7850000000001
1104.0350000000001
1098.585
1108.7239999999999
1109.7360000000001
1108.769
1110.02
1098.586
1100.9570000000001
1111.0450000000001
1108.924
1112.182
1101.511
1106.953
1108.346
1100.818
1103.548
1095.133
1097.6590000000001
1109.702
1107.6210000000001
1114.6659999999999
1106.3889999999999
1102.8789999999999
1104.8869999999999
1110.759
1112.3920000000001
1105.6320000000001
1099.1130000000001
1107.2739999999999
1105.7380000000001
1109.0519999999999
1110.8969999999999
1100.7139999999999
1103.905
1098.0250000000001
1106.3630000000001
1109.165
1103.4490000000001
1096.816
1097.875
1105.7
1104.5989999999999
1103.7280000000001
1098.3679999999999
1096.721
1107.616
1102.9949999999999
1101.383
1099.1679999999999
1098.9939999999999
1107.8119999999999
1110.4280000000001
1107.4259999999999
1103.9749999999999
1099.838
1108.2190000000001
1104.7629999999999
1109.5419999999999
1100.6859999999999
1106.1949999999999
1110.155
1100.9739999999999
1104.153
1095.855
1097.703
1104.741
1096.434
1103.3199999999999
1387.9100000000001
1493.663
1549.6859999999999
1588.336
1617.028
1612.8699999999999
1622.412
1610.1869999999999
1608.7349999999999
1587.2809999999999
1581.0329999999999
1587.6489999999999
1573.4059999999999
1407.8789999999999
1104.472
1106.546
1115.3779999999999
1111.6220000000001
1114.7670000000001
1109.0440000000001
1103.9760000000001
1110.2829999999999
1111.8209999999999
1117.5160000000001
1114.6099999999999
1111.2329999999999
1114.271
1111.675
1118.9839999999999
1118.376
1116.0219999999999
1117.0619999999999
1109.7909999999999
1114.9169999999999
1116.2639999999999
1117.175
1113.425
1112.46
1102.9290000000001
1113.3240000000001
1112.0989999999999
1110.394
1111.7339999999999
1103.751
1111.4179999999999
1115.085
1117.364
1119.125
1114.172
1110.7919999999999
1116.327
1111.3589999999999
1121.8389999999999
1122.26
1117.7739999999999
1119.473
1115.5809999999999
1111.232
1115.183
1109.306
1112.6980000000001
1104.492
1104.886
1113.01
1109.306
1115.4200000000001
1110.211
1106.02
1116.204
1108.8589999999999
1112.296
1102.537
1114.213
1110.489
1115.5899999999999
1104.414
1111.5550000000001
1107.3510000000001
1102.923
1098.222
1103.201
1108.508
1106.308
1106.646
1099.7149999999999
1110.4269999999999
1113.154
1103.99
1098.0160000000001
1106.319
1109.635
1098.6759999999999
1105.914
1111.1500000000001
1107.7090000000001
1100.3199999999999
1117.4559999999999
1110.491
1112.713
1100.499
1112.155
1113.3510000000001
1108.7650000000001
1105.652
1109.232
1115.51
1111.296
1112.424
1104.0340000000001
1112.0999999999999
1115.2190000000001
1111.5360000000001
1105.5999999999999
1106.9090000000001
1111.7539999999999
1099.848
1104.1289999999999
1103.375
1110.8209999999999
1104.04
1098.874
1106.9849999999999
1109.441
1112.3889999999999
1110.0989999999999
1109.3199999999999
1114.8800000000001
1116.644
1109.2809999999999
1113.557
1104.348
1105.5319999999999
1114.6590000000001
1112.192
1111.7260000000001
1110.454
1207.0999999999999
1474.4179999999999
1517.943
1565.2840000000001
1602.5619999999999
1631.9749999999999
1635.921
1621.652
1614.3800000000001
1596.248
1595.74
1599.3610000000001
1590.3209999999999
1592.268
1241.636
1112.921
1111.395
1118.9929999999999
1119.3030000000001
1127.693
1126.1990000000001
1122.53
1123.104
1115.1379999999999
1119.423
1125.0219999999999
1120.559
1125.953
1119.329
1111.3040000000001
1121.1990000000001
1115.5930000000001
1120.5630000000001
1115.1800000000001
1119.934
1115.973
1121.7360000000001
1119.7570000000001
1114.499
1126.0530000000001
1118.9680000000001
1119.3050000000001
1113.636
1121.8800000000001
1118.28
1109.7429999999999
1118.752
1117.405
1108.1579999999999
1114.329
1112.7809999999999
1116.405
1105.355
1111.0719999999999
1108.2729999999999
1118.097
1112.808
1114.6289999999999
1113.1880000000001
1117.7670000000001
1117.7149999999999
1107.8399999999999
1106.742
1105.8779999999999
1110.8019999999999
1100.241
1106.165
1103.0650000000001
1106.921
1099.231
1096.7660000000001
1100.855
1101.117
1104.7919999999999
1104.549
1096.72
1101.03
1059.443
1082.7249999999999
1078.29
1069.1790000000001
1074.2349999999999
1072.1559999999999
1077.434
1073.173
1064.4749999999999
1073.0930000000001
1074.902
1084.328
1080.115
1074.393
1078.7819999999999
1070.51
1077.327
1079.837
1071.008
1094.673
1095.1099999999999
1100.96
1098.4829999999999
1090.6010000000001
1099.732
1097.9549999999999
1105.825
1102.5899999999999
1097.4929999999999
1096.0640000000001
1096.692
1101.4179999999999
1102.6110000000001
1100.45
1101.1959999999999
1098.5799999999999
1105.3910000000001
1107.1900000000001
1102.402
1106.3710000000001
1102.2180000000001
1107.5550000000001
1102.6969999999999
1109.271
1103.9459999999999
1109.759
1107.682
1101.5039999999999
1105.2239999999999
1104.9960000000001
1107.73
1105.5509999999999
1099.165
1106.636
1104.5899999999999
1111.223
1109.011
1102.1769999999999
1108.578
1108.4400000000001
1112.9010000000001
1171.739
1457.854
1511.742
1569.8499999999999
1607.4349999999999
1616.498
1632.9290000000001
1623.059
1621.0340000000001
1604.2460000000001
1589.96
1591.047
1595.2139999999999
1584.423
1252.25
1107.6969999999999
1116.8440000000001
1103.8330000000001
1114.7629999999999
1118.7149999999999
1113.0540000000001
1111.124
1111.7349999999999
1113.2560000000001
1103.913
1103.307
1097.0419999999999
1108.741
1103.0540000000001
1093.9010000000001
1106.4380000000001
1107.127
1095.7929999999999
1103.287
1102.873
1108.6759999999999
1104.0909999999999
1105.7929999999999
1105.674
1113.2829999999999
1111.4739999999999
1102.567
1101.7439999999999
1074.982
1096.502
1084.7739999999999
1085.5619999999999
1087.1320000000001
1091.3630000000001
1085.748
1079.3399999999999
1089.9000000000001
1103.99
1112.789
1105.8130000000001
1101.4780000000001
1110.7719999999999
1101.0119999999999
1100.874
1089.7619999999999
1089.79
1091.1289999999999
1100.366
1094.711
1100.942
1088.942
1091.4179999999999
669.81920000000002
18.521540000000002
