2354.8620000000001
1528.596
1460.558
1492.384
1546.433
1588.1980000000001
1614.7860000000001
1602.3230000000001
1613.1489999999999
1604.4069999999999
1600.299
1581.5940000000001
1586.9359999999999
1584.1769999999999
1585.7429999999999
1567.0889999999999
1318.537
1103.499
1103.2819999999999
1107.9259999999999
1098.489
1094.3599999999999
1107.1079999999999
1101.6079999999999
1102.6079999999999
1102.2239999999999
1107.194
1101.374
1100.4059999999999
1095.0540000000001
1107.1279999999999
1098.605
1099.326
1094.2329999999999
1104.125
1098.424
1091.4760000000001
1094.998
1099.848
1095.7470000000001
1089.5730000000001
1096.27
1095.922
1098.3140000000001
1088.268
1095.7070000000001
1096.444
1103.2539999999999
1100.8130000000001
1098.6379999999999
1105.444
1101.5070000000001
1102.585
1092.8969999999999
1094.8420000000001
1105.1579999999999
1097.972
1096.9200000000001
1088.646
1096.8969999999999
1102.54
1098.384
1103.0820000000001
1092.4300000000001
1104.0940000000001
1102.3050000000001
1105.511
1098.3130000000001
1087.8340000000001
1096.548
1092.7539999999999
1097.874
1090.8869999999999
1081.856
1094.521
1092.4259999999999
1097.444
1092.1179999999999
1090.242
1090.931
1098.566
1093.048
1083.8530000000001
1093.5
1092.037
1103.2190000000001
1095.6569999999999
1096.692
1103.1310000000001
1097.127
1098.0719999999999
1094.7429999999999
1104.4010000000001
1095.5
1100.0170000000001
1101.741
1107.52
1098.376
1098.086
1096.6869999999999
1103.7639999999999
1100.4549999999999
1092.9770000000001
1098.3
1103.3019999999999
1104.289
1095.299
1094.8440000000001
1101.5830000000001
1104.923
1095.7180000000001
1098.4639999999999
1098.0219999999999
1102.009
1100.4549999999999
1091.203
1097.277
1098.287
1106.6369999999999
1102.6669999999999
1092.6320000000001
1101.039
1099.3440000000001
1102.1690000000001
1094.1199999999999
1090.2070000000001
1096.251
1099.1389999999999
1102.5029999999999
1105.0170000000001
1096.489
1096.548
1093.6690000000001
1103.6130000000001
1100.6659999999999
1094.866
1098.4880000000001
1100.403
1103.251
1101.5150000000001
1090.5799999999999
1097.5619999999999
1097.7070000000001
1100.7049999999999
1098.009
1097.4400000000001
1096.1389999999999
1100.1120000000001
1105.0429999999999
1098.423
1098.75
1092.4839999999999
1101.2149999999999
1102.1199999999999
1093.375
1095.5260000000001
1094.7090000000001
1101.5740000000001
1100.6990000000001
1092.1959999999999
1098.6759999999999
1097.7170000000001
1102.748
1096.729
1097.5
1089.6110000000001
1093.1469999999999
1104.135
1093.0809999999999
1100.309
1096.5450000000001
1102.5360000000001
1097.8150000000001
1090.711
1099.913
1102.2840000000001
1104.393
1092.864
1103.421
1106.914
1104.9280000000001
1094.2139999999999
1103.4200000000001
1102.2
1109.076
1098.8720000000001
1102.6579999999999
1109.008
1104.184
1104.3699999999999
1097.51
1108.588
1106.845
1103.24
1103.1990000000001
1099.7049999999999
1103.9829999999999
1098.222
1100.4780000000001
1092.8199999999999
1101.7139999999999
1101.2829999999999
1098.9400000000001
1099.7239999999999
1094.7570000000001
1098.9069999999999
1105.1980000000001
1097.309
1094.114
1096.0530000000001
1110.7940000000001
1103.989
1105.306
1095.491
1105.8409999999999
1102.9949999999999
1097.5799999999999
1100.9090000000001
1109.0540000000001
1105.6279999999999
1104.2729999999999
1098.2180000000001
1103.5930000000001
1110.8130000000001
1102.366
1105.537
1099.55
1104.751
1105.71
1101.1189999999999
1093.356
1095.001
1099.6279999999999
1105.644
1102.4929999999999
1101.028
1096.76
1101.797
1106.0050000000001
1100.018
1091.4459999999999
1083.8340000000001
1089.817
1097.575
1090.5160000000001
1087.8689999999999
1078.259
1078.4749999999999
1084.2429999999999
1082.931
1088.5450000000001
1083.443
1079.146
1090.788
1087.741
1094.383
1090.7629999999999
1088.0239999999999
1090.3720000000001
1088.779
1110.0889999999999
1110.1199999999999
1108.3389999999999
1113.5260000000001
1108.499
1111.3889999999999
1117.5999999999999
1114.5899999999999
1119.0609999999999
1111.088
1107.085
1114.037
1110.1179999999999
1110.7950000000001
1100.3720000000001
1108.0319999999999
1115.049
1105.837
1104.2180000000001
1100.029
1107.1980000000001
1105.075
1109.7249999999999
1099.5409999999999
1096.9110000000001
1108.0239999999999
1106.424
1110.365
1099.405
1106.107
1109.586
1105.684
1105.7249999999999
1101.6900000000001
1108.9549999999999
1104.635
1102.4949999999999
1097.203
1104.393
1107.8199999999999
1104.9590000000001
1100.742
1096.5920000000001
1112.4760000000001
1463.819
1515.4870000000001
1563.8520000000001
1615.3030000000001
1629.9929999999999
1611.2929999999999
1615.1130000000001
1603.704
1601.377
1595.54
1584.5150000000001
1568.8409999999999
1180.278
1104.9860000000001
1098.2860000000001
1098.0609999999999
1088.396
1097.3710000000001
1102.2809999999999
1099.501
1100.414
1090.2660000000001
1095.5719999999999
1102.1610000000001
1094.1880000000001
1100.4559999999999
1090.875
1094.0170000000001
1097.846
1102.607
1104.98
1103.7860000000001
1097.317
1102.623
1096.0319999999999
1103.625
1108.3130000000001
1106.867
1105.9490000000001
1101.2439999999999
1105.3710000000001
1112.069
1106.171
1108.279
1097.5609999999999
1104.4349999999999
1109.0809999999999
1104.48
1102.8499999999999
1098.3399999999999
1112.318
1105.117
1103.8989999999999
1098.6469999999999
1106.46
1102.433
1101.037
1096.288
1103.9690000000001
1102.249
1103.5799999999999
1099.3679999999999
1103.9829999999999
1102.0619999999999
1104.181
1100.5319999999999
1104.423
1106.5319999999999
1101.7670000000001
1101.374
1093.9480000000001
1104.9639999999999
1100.405
1100.6020000000001
1098.7940000000001
1096.5129999999999
1107.4670000000001
1102.5920000000001
1105.0419999999999
1097.4110000000001
1108.6199999999999
1108.7349999999999
1107.682
1099.693
1106.1189999999999
1108.8610000000001
1102.8889999999999
1108.626
1104.374
1114.8030000000001
1114.692
1111.856
1105.7560000000001
1111.0419999999999
1114.981
1115.856
1112.9369999999999
1107.9639999999999
1105.1769999999999
1112.079
1112.3320000000001
1108.6479999999999
1100.2370000000001
1099.7449999999999
1102.075
1103.462
1105.8779999999999
1099.5619999999999
1097.8720000000001
1107.829
1113.3399999999999
1108.7070000000001
1103.2090000000001
1104.671
1105.104
1106.336
1101.5170000000001
1099.3440000000001
1091.306
1099.633
1106.3309999999999
1102.7
1101.866
1090.846
1104.0509999999999
1111.979
1107.539
1107.4849999999999
1090.713
1100.98
1106.4010000000001
1103.9690000000001
1108.9960000000001
1105.5350000000001
1105.5619999999999
1103.7180000000001
1106.7750000000001
1106.5930000000001
1100.6579999999999
1106.2
1099.8320000000001
1110.799
1113.194
1105.9069999999999
1104.549
1094.413
1103.8340000000001
1108.1289999999999
1110.3340000000001
1109.194
1102.8489999999999
1097.923
1105.6120000000001
1105.0409999999999
1107.8710000000001
1104.155
1096.5709999999999
1103.2619999999999
1102.2909999999999
1105.3920000000001
1102.335
1097.548
1099.0820000000001
1107.9490000000001
1109.2059999999999
1112.4380000000001
1105.7819999999999
1102.3299999999999
1111.808
1110.616
1118.171
1115.991
1114.4159999999999
1107.0820000000001
1106.1110000000001
1114.038
1101.328
1096.9970000000001
1095.1500000000001
1102.194
1095.5329999999999
1095.1610000000001
1088.204
1100.6099999999999
1101.057
1098.258
1093.9570000000001
1095.0809999999999
1100.3699999999999
1098.4670000000001
1097.5740000000001
1090.9559999999999
1098.741
1101.8699999999999
1094.3820000000001
1102.7909999999999
1110.2139999999999
1113.4480000000001
1113.625
1106.2280000000001
1107.671
1101.7149999999999
1110.0250000000001
1108.097
1101.547
1104.1610000000001
1099.6310000000001
1105.3209999999999
1105.896
1102.4739999999999
1096.8030000000001
1102.6220000000001
1108.952
1109.298
1106.53
1103.712
1107.046
1113.3409999999999
1110.337
1113.078
1109.5999999999999
1105.989
1113.7840000000001
1112.0429999999999
1115.3920000000001
1109.799
1101.268
1106.338
1103.175
1109.2190000000001
1114.296
1106.8599999999999
1102.662
1108.9860000000001
1113.8150000000001
1112.6120000000001
1104.4960000000001
1176.6310000000001
1488.7180000000001
1549.9110000000001
1596.3240000000001
1613.625
1625.2670000000001
1621.5429999999999
1619.566
1599.5360000000001
1581.337
1585.8409999999999
1585.8199999999999
1529.4069999999999
1100.183
1098.432
1094.7629999999999
1101.6700000000001
1101.8599999999999
1091.498
1099.598
1104.0119999999999
1103.2329999999999
1090.1859999999999
1096.383
1099.6010000000001
1103.847
1099.04
1092.6410000000001
1101.623
1096.6969999999999
1098.8330000000001
1091.5609999999999
1100.097
1102.7360000000001
1108.953
1105.7809999999999
1094.9469999999999
1110.133
1104.7950000000001
1109.289
1095.883
1104.2149999999999
1099.742
1102.7439999999999
1090.6369999999999
1100.7829999999999
1103.3420000000001
1099.7860000000001
1097.73
1097.3800000000001
1105.4960000000001
1102.271
1108.4559999999999
1100.3389999999999
1104.885
1107.5820000000001
1101.722
1100.9690000000001
1090.223
1097.7370000000001
1106.758
1103.925
1104.46
1100.625
1095.4280000000001
1098.6410000000001
1097.4780000000001
1105.5229999999999
1104.5229999999999
1095.9639999999999
1097.221
1091.875
1097.1949999999999
1104.2070000000001
1100.23
1097.9079999999999
1093.6400000000001
1090.8599999999999
1096.682
1103.4860000000001
1098.0429999999999
1100.2860000000001
1088.0899999999999
1089.434
1095.9269999999999
1099.3209999999999
1101.0609999999999
1093.6610000000001
1092.3630000000001
1099.577
1102.5070000000001
1107.5530000000001
1104.146
1092.6959999999999
1100.47
1104.248
1105.1880000000001
1098.115
1103.1600000000001
1098.087
1104.3030000000001
1108.819
1106.252
1103.885
1096.047
1102.123
1107.5699999999999
1105.9400000000001
1103.6289999999999
1104.251
1101.662
1105.0530000000001
1106.3330000000001
1100.797
1097.95
1099.046
1100.9469999999999
1101.402
1095.3150000000001
1104.806
1105.8230000000001
1102.777
1098.3710000000001
1100.1410000000001
1109.348
1105.173
1104.7360000000001
1099.8009999999999
1108.396
1111.0170000000001
1104.8599999999999
1106.796
1097.5429999999999
1109.9459999999999
1102.5509999999999
1103.7860000000001
1100.1220000000001
1100.2850000000001
1106.6610000000001
1102.223
1104.5699999999999
1096.818
1095.269
1103.8109999999999
1092.5909999999999
1094.145
1093.682
1083.3
1087.7139999999999
1088.3589999999999
1094.116
1086.643
1083.5260000000001
1087.249
1089.365
1094.49
1093.585
1084.096
1093.182
1091.537
1092.7159999999999
1093.9639999999999
1086.3330000000001
1083.877
1080.0920000000001
1087.117
1108.192
1100.96
1103.5650000000001
1100.404
1100.377
1104.7360000000001
1103.221
1108.184
1103.2739999999999
1095.104
1094.4870000000001
1100.4490000000001
1103.4269999999999
1104.683
1099.5360000000001
1098.53
1089.7639999999999
1098.6690000000001
1105.0599999999999
1103.875
1098.7349999999999
1097.348
1093.3610000000001
1099.6289999999999
1105.058
1099.4570000000001
1109.261
1100.9839999999999
1093.145
1101.278
1105.259
1107.5050000000001
1108.336
1098.1089999999999
1105.971
1098.7270000000001
1110.5
1159.461
1481.326
1541.2909999999999
1588.8219999999999
1628.1400000000001
1643.152
1629.9090000000001
1617.691
1598.7660000000001
1599.567
1601.095
1590.1669999999999
1481.6869999999999
1100.2139999999999
1074.509
1085.7729999999999
1082.8309999999999
1084.4469999999999
1077.9780000000001
1084.6900000000001
1083.7729999999999
1082.2139999999999
1088.74
1111.2729999999999
1105.8720000000001
1109.201
1099.425
1104.26
1099.211
1105.4259999999999
1103.124
1099.0630000000001
1095.0429999999999
1098.3810000000001
1099.8
1101.2529999999999
1102.6289999999999
1094.1010000000001
1099.78
1091.6969999999999
1097.5989999999999
1102.53
1098.8720000000001
1103.3150000000001
1099.105
1093.0039999999999
1096.5740000000001
1095.3789999999999
1098.085
1095.039
1094.4090000000001
1087.46
1088.3499999999999
1092.1179999999999
1093.491
1098.191
1101.106
1100.6980000000001
1101.6379999999999
1102.383
1103.3979999999999
1105.527
1102.6669999999999
1095.4059999999999
1098.9880000000001
1091.0429999999999
1101.8699999999999
1104.8489999999999
1106.2249999999999
1100.3589999999999
1102.808
1096.9649999999999
1098.345
1106.6320000000001
1106.893
1110.7650000000001
1106.4780000000001
1101.5060000000001
1107.3299999999999
1106.9570000000001
1113.326
1111.95
1103.4179999999999
1107.6980000000001
1102.6099999999999
1110.8710000000001
1113.768
1109.8620000000001
1112.8789999999999
1112.184
1106.491
1117.8779999999999
1114.146
1119.4069999999999
1113.8879999999999
1106.606
1114.0930000000001
1114.441
1118.0619999999999
1117.1120000000001
1105.7360000000001
1112.671
1112.3599999999999
1118.3119999999999
1115.3789999999999
1107.037
1117.8320000000001
1116.0509999999999
1119.3599999999999
1107.309
1106.71
1112.779
1113.944
1114.383
1110.4459999999999
1103.213
1107.431
1107.7639999999999
1108.75
1100.6079999999999
1098.913
1111.566
1112.8900000000001
1110.4970000000001
1107.347
1109.6130000000001
1103.4480000000001
1107.087
1099.539
1098.4069999999999
1095.8579999999999
1093.6990000000001
1090.9839999999999
1098.2739999999999
1096.951
1092.021
1096.0840000000001
1089.749
1097.3299999999999
1098.6089999999999
1092.8969999999999
1096.431
1090.327
1083.396
1088.473
1082.1859999999999
1091.4860000000001
1091.229
1087.4549999999999
1090.0360000000001
1082.4069999999999
1093.6089999999999
1106.2170000000001
1113.548
1110.5840000000001
1111.7249999999999
1103.885
1103.6010000000001
1108.546
1110.5930000000001
1111.1320000000001
1108.693
1100.364
1106.9749999999999
1100.5519999999999
1106.1669999999999
1113.7190000000001
1116.721
1114.454
1116.5119999999999
1112.684
1120.8520000000001
1123.9069999999999
1120.3199999999999
1119
1114.4110000000001
1114.375
1118.6199999999999
1115.6179999999999
1120.798
1120.972
1115.7840000000001
1116.8
1108.711
1115.9259999999999
1120.4290000000001
1365.8989999999999
1523.798
1572.211
1618.171
1644.981
1643.741
1628.548
1625.2280000000001
1602.7929999999999
1593.723
1599.152
1595.066
1267.7449999999999
1115.9490000000001
1109.6220000000001
1110.1110000000001
1111.259
1103.577
1108.434
1114.3889999999999
1110.6289999999999
1115.115
1102.24
1101.4690000000001
1108.896
1104.5930000000001
1114.568
1112.4169999999999
1102.8820000000001
1108.002
1100.9739999999999
1110.201
1114.2660000000001
1114.424
1110.115
1106.1790000000001
1102.511
1114.6969999999999
1111.9649999999999
1111.2809999999999
1106.6690000000001
1104.1780000000001
1108.9680000000001
1108.6110000000001
1115.172
1107.9570000000001
1100.0050000000001
1107.9860000000001
1108.239
1112.1500000000001
1107.297
1102.402
1108.6990000000001
1107.9949999999999
1113.49
1110.819
1107.9010000000001
1100.51
1105.981
1113.675
1104.289
1103.6300000000001
1103.24
1105.6790000000001
1112.21
1111.1890000000001
1117.587
1107.9349999999999
1120.9960000000001
1114.605
1120.163
1111.3510000000001
1107.3610000000001
1113.463
1112.5920000000001
1116.288
1114.7370000000001
1107.8589999999999
1114.193
1110.875
1117.25
1116.518
1103.0219999999999
1109.4169999999999
1104.712
1112.568
1108.74
1106.1420000000001
1100.8969999999999
1106.1759999999999
1114.848
1114.0550000000001
1115.5809999999999
1110.4749999999999
1107.761
1117.385
1113.3230000000001
1110.587
1105.0050000000001
1107.0350000000001
1114.5160000000001
1106.165
1103.758
1091.097
1087.9880000000001
1091.4480000000001
1091.6800000000001
1095.1900000000001
1086.76
1084.5450000000001
1093.6759999999999
1093.4690000000001
1098.144
1099.5830000000001
1092.6880000000001
1088.4739999999999
1095.8130000000001
1095.443
1104.9659999999999
1101.144
1097.7470000000001
1091.5550000000001
1094.3910000000001
1099.598
1100.5170000000001
1096.298
1096.549
1098.27
1102.5419999999999
1111.3209999999999
1110.3040000000001
1113.0250000000001
1112.271
1106.616
1102.0039999999999
1110.097
1107.8879999999999
1115.077
1114.8299999999999
1111.4760000000001
1110.1659999999999
1104.2650000000001
1106.825
1116.865
1110.3399999999999
1116.9570000000001
1115.1559999999999
1106.0119999999999
1112.24
1114.203
1120.056
1119.2560000000001
1107.2370000000001
1114.5070000000001
1114.5239999999999
1122.4179999999999
1117.825
1107.2940000000001
1112.6559999999999
1392.807
1536.0360000000001
1580.421
1614.7739999999999
1637.5699999999999
1631.732
1630.6610000000001
1599.953
1602.5830000000001
1602.845
1594.3679999999999
1137.164
1108.7339999999999
1106.2929999999999
1112.4359999999999
1109.2739999999999
1106.0840000000001
1112.3599999999999
1117.4090000000001
1111.816
1102.6320000000001
1110.0419999999999
1109.8199999999999
1119.1189999999999
1108.5930000000001
1102.577
1107.1320000000001
1107.883
1114.877
1105.6859999999999
1103.521
1104.6189999999999
1111.4929999999999
1103.2639999999999
1102.633
1110.941
1108.1020000000001
1108.0329999999999
1097.5840000000001
1111.0340000000001
1111.8499999999999
1107.028
1104.78
1109.71
1113.703
1110.9390000000001
1111.4690000000001
1103.5699999999999
1108.8610000000001
1112.1110000000001
1106.857
1109.694
1105.518
1111.7909999999999
1115.7460000000001
1110.691
1105.799
1103.432
1111.7190000000001
1113.779
1109.2619999999999
1073.279
1096.9680000000001
1101.874
1094.711
1093.2739999999999
1088.8920000000001
1095.04
1093.5930000000001
1089.0840000000001
1082.6590000000001
1088.204
1095.2860000000001
1091.4480000000001
1089.635
1087.29
1095.5719999999999
1100.5139999999999
1090.799
1097.683
1106.702
1100.902
1102.5
1100.816
1100.721
1105.499
1093.9280000000001
1097.8779999999999
1092.5329999999999
1104.3040000000001
1098.7439999999999
1090.328
1100.7829999999999
1099.452
1105.271
1097.046
1096.9739999999999
1091.2049999999999
1101.617
1102.4480000000001
1099.0799999999999
1096.903
1093.385
1097.8320000000001
1102.2360000000001
1099.9639999999999
1097.278
1091.145
1086.0699999999999
1085.519
1087.8800000000001
1081.759
1077.3810000000001
1082.8720000000001
1087.846
1082.6300000000001
1087.4169999999999
1076.0930000000001
1080.0940000000001
1085.6310000000001
1080.6379999999999
1080.3689999999999
1075.019
1085.971
1084.1030000000001
1081.692
1074.25
1079.5509999999999
1087.077
1082.8900000000001
1083.944
1077.3420000000001
1087.5719999999999
1080.1610000000001
1090.183
1085.9749999999999
1088.6369999999999
1098.7650000000001
1095.204
1096.3620000000001
1092.2860000000001
1094.54
1097.7070000000001
1088.173
1089.4949999999999
1090.289
1096.078
1093.8240000000001
1091.4269999999999
1084.558
1091.347
1096.2940000000001
1091.7739999999999
1087.3399999999999
1093.309
1102.989
1095.4380000000001
1095.8219999999999
1087.7619999999999
1092.6849999999999
1099.2049999999999
1095.771
1095.135
1086.472
1396.9059999999999
1514.5160000000001
1558.2380000000001
1585.9639999999999
1599.521
1605.1199999999999
1589.202
1575.2760000000001
1567.9639999999999
1575
1188.662
1093.433
1090.6590000000001
1086.664
1091.3689999999999
1092.7260000000001
1098.53
1090.9590000000001
1087.489
1100.645
1101.923
1101.691
1093.1420000000001
1097.1379999999999
1099.55
1102.0050000000001
1097.9179999999999
1095.471
1093.002
1103.2470000000001
1098.809
1089.1220000000001
1097.8910000000001
1094.347
1100.0840000000001
1089.9169999999999
1083.7059999999999
1085.98
1090.73
1090.934
1089.2809999999999
1082.463
1089.2239999999999
1085.2149999999999
1093.826
1087.9159999999999
1090.662
1086.7349999999999
1097.5070000000001
1096.7180000000001
1085.2819999999999
1091.6949999999999
1095.748
1097.2940000000001
1095.578
1086.6320000000001
1092.527
1093.806
1088.414
1087.2149999999999
1090.046
1090.278
1082.4190000000001
1080.8689999999999
1084.1379999999999
1084.866
1083.9349999999999
1077.0429999999999
1078.6659999999999
1083.0920000000001
1089.444
1091.213
1081.9849999999999
1081.2750000000001
1087.412
1084.556
1092.8209999999999
1086.8989999999999
1086.0899999999999
1077.876
1088.8589999999999
1085.3140000000001
1070.2919999999999
1072.354
1064.9570000000001
1074.7909999999999
1074.6189999999999
1070.2190000000001
1070.847
1064.3150000000001
1077.8209999999999
1080.2280000000001
1076.442
1075.2539999999999
1067.8579999999999
1077.9749999999999
1081.222
1075.6569999999999
1080.931
1073.277
1074.451
1079.8320000000001
1074.576
1079.4490000000001
1072.068
1081.6479999999999
1096.723
1093.5
1101.241
1097.356
1089.5899999999999
1096.2639999999999
1098.9649999999999
1104.5419999999999
1096.4780000000001
1088.614
1095.4359999999999
1094.373
1100.6579999999999
1095.992
1086.595
1093.55
1092.239
1100.8530000000001
1088.5050000000001
1091.5889999999999
1086.009
1091.5219999999999
1094.652
1094.462
1099.204
1094.827
1141.0530000000001
1475.702
1525.8800000000001
1582.6800000000001
1601.0640000000001
1603.9159999999999
1601.3009999999999
1602.6320000000001
1593.3900000000001
1591.9760000000001
1577.6990000000001
1573.058
1523.8499999999999
1089.877
1091.7670000000001
1094.5
1090.1469999999999
1095.1279999999999
1091.373
1084.806
1091.886
1090.5640000000001
1094.8119999999999
1091.578
1088.962
1078.607
1083.3920000000001
1078.8230000000001
1080.7070000000001
1087.249
1084.979
1079.3879999999999
1081.655
1088.193
1086.0909999999999
1089.4749999999999
1087.6769999999999
1083.463
1096.299
1093.9349999999999
1091.9849999999999
1090.9179999999999
1087.9269999999999
1097.989
1095.9549999999999
1092.2660000000001
1086.3219999999999
1080.3499999999999
1090.0060000000001
1096.0229999999999
1093.7280000000001
1097.9169999999999
1095.097
1085.2660000000001
1084.04
1087.1220000000001
1091.7940000000001
1093.1189999999999
1093.1890000000001
1088.24
1084.194
1084.2829999999999
1088.7249999999999
1095.704
1092.998
1096.2670000000001
1094.27
1088.163
1099.6559999999999
1101.3030000000001
1107.9780000000001
1104.4549999999999
1102.402
1092.3499999999999
1100.732
1102.537
1106.508
1097.393
1089.598
1088.8099999999999
1082.105
1080.912
1091.819
1085.874
1091.5830000000001
1091.5530000000001
1085.3050000000001
1079.5530000000001
1085.1320000000001
1077.819
1085.1980000000001
1088.088
1084.6969999999999
1086.3699999999999
1082.777
1078.1099999999999
1086.797
1086.521
1090.8869999999999
1093.915
1092.8140000000001
1086.673
1090.28
1083.249
1104.588
1108.5619999999999
1108.489
1104.355
1102.703
1094.79
1094.99
1101.681
1104.2070000000001
1105.7919999999999
1100.345
1095.5920000000001
1100.912
1096.8489999999999
1101.1030000000001
1103.365
1106.6410000000001
1101.6880000000001
1100.8209999999999
1095.278
1103.146
1106.8610000000001
1105.2190000000001
1520.508
1570.02
1615.0889999999999
1622.654
1603.076
1599.713
1580.499
1585.961
1586.644
1578.077
1576.2239999999999
1130.568
1092.4649999999999
1097.5119999999999
1098.4069999999999
1101.9839999999999
1101.0229999999999
1094.25
1091.095
1099.1949999999999
1100.7940000000001
1103.1600000000001
1094.55
1094.21
1099.9480000000001
1101.855
1103.269
1101.492
1098.3140000000001
1100.8610000000001
1103.287
1109.027
1101.0909999999999
1099.325
1092.645
1102.165
1104.374
1101.4169999999999
1098.6959999999999
1093.5550000000001
1097.896
1102.694
1104.4839999999999
1100.6030000000001
1097.4549999999999
1097.4100000000001
1103.114
1100.9590000000001
1104.847
1100.0309999999999
1094.616
1102.769
1103.0989999999999
1105.4639999999999
1105.0309999999999
1102.143
1097.8040000000001
1103.242
1101.152
1106.9690000000001
1100.2639999999999
1091.991
1098.932
1093.0250000000001
1101.3889999999999
1100.325
1097.0830000000001
1098.095
1091.2380000000001
1099.3779999999999
1103.192
1098.432
1102.712
1093.6179999999999
1091.769
1087.085
1084.4880000000001
1087.0609999999999
1082.6279999999999
1075.596
1082.463
1078.0029999999999
1086.9259999999999
1081.3510000000001
1074.7
1081.5419999999999
1082.8050000000001
1085.9290000000001
1082.742
1073.1179999999999
1080.9459999999999
1081.1800000000001
1088.973
1084.952
1075.309
1082.0340000000001
1078.9780000000001
1089.529
1088.067
1084.3720000000001
1078.298
1083.7449999999999
1091.741
1085.269
1090.644
1092.412
1102.903
1104.8130000000001
1103.5840000000001
1100.799
1095.0940000000001
1097.8789999999999
1105.4349999999999
1101.125
1106.278
1099.7660000000001
1102.808
1109.4690000000001
1103.346
1107.5239999999999
1103.2539999999999
1100.1079999999999
1106.5
1105.0119999999999
1170.288
1486.6489999999999
1531.914
1589.251
1618.9079999999999
1629.4280000000001
1620.0509999999999
1597.8589999999999
1593.48
1579.335
1583.5260000000001
1587.412
1387.412
1101.623
1097.4970000000001
1090.377
1098.9300000000001
1100.04
1092.8019999999999
1095.0619999999999
1089.9090000000001
1086.6790000000001
1089.329
1097.2950000000001
1099.0830000000001
1094.4380000000001
1087.4200000000001
1102.325
1095.7159999999999
1103.2809999999999
1101.817
1097.1099999999999
1100.8130000000001
1089.923
1100.7750000000001
1102.848
1098.9079999999999
1101.329
1096.5540000000001
1105.885
1104.7190000000001
1100.3440000000001
1094.028
1097.393
1103.4949999999999
1104.597
1100.414
1096.4200000000001
1093.4469999999999
1102.768
1104.9580000000001
1098.0640000000001
1096.194
1092.6099999999999
1095.3779999999999
1100.0450000000001
1096.4000000000001
1099.2339999999999
1088.4490000000001
1097.2280000000001
1094.011
1099.223
1095.079
1098.2149999999999
1100.2380000000001
1090.644
1087.348
1077.6079999999999
1078.846
1089.018
1086.0550000000001
1085.1590000000001
1082.289
1086.47
1085.3199999999999
1090.8620000000001
1080.615
1084.021
1090.03
1083.8520000000001
1088.873
1079.0989999999999
1084.7349999999999
1089.085
1083.902
1091.713
1082.3630000000001
1080.894
1086.127
1085.1110000000001
1091.078
1085.7660000000001
1079.1410000000001
1089.328
1087.5170000000001
1104.278
1108.2270000000001
1102.6420000000001
1106.095
1101.271
1110.644
1110.4480000000001
1105.865
1105.3430000000001
1094.9300000000001
1100.5039999999999
1104.202
1101.296
1105.4649999999999
1099.8230000000001
1094.049
1099.721
1102.979
1100.0509999999999
1121.508
1466.097
1530.8430000000001
1582.203
1615.5740000000001
1627.3710000000001
1613.4559999999999
1599.9110000000001
1598.605
1595.5540000000001
1590.191
1576.5129999999999
1539.248
1093.7349999999999
1100.202
1103.933
1106.8109999999999
1099.002
1098.1489999999999
1094.8589999999999
1103.5070000000001
1100.9010000000001
1097.971
1094.175
1096.788
1100.0740000000001
1100.4449999999999
1101.396
1099.1610000000001
1091.1759999999999
1102.3679999999999
1099.884
1103.9000000000001
1100.298
1092.558
1097.6859999999999
1099.0129999999999
1097.1759999999999
1098.5509999999999
1087.8720000000001
1093.6859999999999
1103.4839999999999
1094.357
1091.6510000000001
1094.1900000000001
1096.74
1096.8230000000001
1088.53
1092.2149999999999
1093.0429999999999
1096.367
1092.086
1088.7860000000001
1094.845
1092.364
1099.1500000000001
1102.5350000000001
1096.664
1099.057
1092.328
1105.527
1097.8109999999999
1094.5139999999999
1096.836
1092.191
1083.9369999999999
1089.6489999999999
1091.4760000000001
1096.828
1096.8779999999999
1088.076
1090.1120000000001
1084.829
1094.461
1094.818
1083.7560000000001
1087.9770000000001
1091.623
1088.76
1091.8820000000001
1085.1010000000001
1081.47
1088.3099999999999
1085.1679999999999
1090.588
1084.203
1077.885
1085.5340000000001
1085.597
1092.0329999999999
1092.4590000000001
1081.432
1093
1108.559
1105.2090000000001
1098.75
1102.0509999999999
1102.95
1107.7280000000001
1108.3150000000001
1098.941
1106.1369999999999
1103.4829999999999
1110.2349999999999
1107.8989999999999
1105.4380000000001
1097.614
1200.3910000000001
1482.7760000000001
1535.6790000000001
1590.604
1622.241
1625.7449999999999
1611.915
1601.7650000000001
1597.095
1598.7180000000001
1592.9939999999999
1573.681
1445.585
1104.21
1103.4179999999999
1098.095
1101.229
1105.098
1106.7090000000001
1094.53
1099.0840000000001
1101.3199999999999
1105.578
1101.3009999999999
1095.7329999999999
1103.328
1099.7560000000001
1103.404
1094.2560000000001
1098.3579999999999
1101.5909999999999
1105.4269999999999
1103.579
1093.1880000000001
1100.7860000000001
1098.6769999999999
1100.779
1093.7760000000001
1103.577
1099.8420000000001
1102.3330000000001
1096.0309999999999
1088.722
1098.55
1091.1389999999999
1092.0699999999999
1081.8679999999999
1093.0309999999999
1090.884
1097.2329999999999
1091.452
1088.376
1098.942
1096.222
1099.454
1094.9739999999999
1100.5060000000001
1110.155
1094.895
1090.056
1083.723
1091.0039999999999
1092.002
1088.769
1086.002
1085.1790000000001
1091.96
1088.4269999999999
1093.5530000000001
1080.915
1081.8209999999999
1089.569
1087.3520000000001
1086.7
1077.212
1075.472
1086.04
1082.711
1088.2239999999999
1081.336
1075.3689999999999
1081.472
1084.4280000000001
1087.95
1079.8230000000001
1076.6120000000001
1082.826
1084.1210000000001
1089.8
1084.884
1078.4449999999999
1084.596
1088.3689999999999
1099.904
1096.856
1103.454
1101.3430000000001
1108.259
1103.1189999999999
1101.944
1097.646
1103.3489999999999
1107.1289999999999
1100.99
1102
1364.9549999999999
1515.914
1555.2339999999999
1595.125
1614.624
1617.1610000000001
1613.7059999999999
1596.6420000000001
1589.2059999999999
1574.4770000000001
1577.413
1583.0699999999999
1170.527
1099.845
1096.492
1096.1759999999999
1099.5699999999999
1108.373
1101.441
1105.1369999999999
1098.049
1093.528
1105.5050000000001
1098.444
1102.6559999999999
1095.1759999999999
1090.011
1096.377
1097.0930000000001
1101.2329999999999
1104.0419999999999
1098.8409999999999
1098.8050000000001
1094.3299999999999
1095.672
1103.048
1099.079
1098.2940000000001
1092.8810000000001
1098.905
1104.8099999999999
1098.171
1098.21
1090.374
1097.7339999999999
1097.72
1096.7180000000001
1088.24
1098.4359999999999
1101.3199999999999
1097.9269999999999
1095.79
1088.1510000000001
1093.7059999999999
1096.2529999999999
1077.8679999999999
1083.2260000000001
1080.7529999999999
1075.557
1083.836
1079.8299999999999
1083.079
1087.1849999999999
1084.739
1082.347
1075.9280000000001
1077.596
1084.9059999999999
1087.627
1081.9259999999999
1084.6479999999999
1079.816
1087.5650000000001
1092.2750000000001
1087.431
1092.595
1085.9849999999999
1086.3900000000001
1089.3019999999999
1093.135
1092.2429999999999
1087.442
1080.6890000000001
1085.3409999999999
1084.759
1090.2280000000001
1088.1020000000001
1078.4110000000001
1085.0830000000001
1085.721
1090.202
1088.5699999999999
1086.9949999999999
1086.7370000000001
1086.683
1105.24
1105.5730000000001
1099.7950000000001
1097.413
1095.6700000000001
1103.769
1103.3389999999999
1430.729
1508.1089999999999
1574.5060000000001
1611.96
1611.527
1614.018
1597.5719999999999
1597.0070000000001
1582.662
1574.4870000000001
1567.8869999999999
1116.8710000000001
1105.2850000000001
1098.4960000000001
1106.204
1095.2550000000001
1095.7460000000001
1105.057
1101.7719999999999
1100.7929999999999
1093.818
1102.364
1097.903
1104.088
1096.6559999999999
1087.491
1095.711
1094.395
1097.8299999999999
1092.692
1085.164
1097.155
1090.259
1097.4059999999999
1094.0170000000001
1089.136
1093.318
1096.346
1106.116
1099.5609999999999
1095.675
1101.671
1102.576
1102.9459999999999
1101.7139999999999
1089.8920000000001
1095.7429999999999
1088.6880000000001
1093.8330000000001
1098.558
1096.548
1092.135
1082.6030000000001
1073.3599999999999
1077.9110000000001
1077.5340000000001
1082.7260000000001
1081.8099999999999
1076.461
1073.155
1083.472
1085.72
1082.347
1082.453
1078.0740000000001
1083.135
1082.653
1080.3810000000001
1082.2190000000001
1073.883
1081.3869999999999
1086.856
1080.0229999999999
1081.558
1074.8320000000001
1078.693
1083.8109999999999
1081.248
1088.4459999999999
1086.384
1078.0039999999999
1082.511
1086.53
1090.28
1091.2719999999999
1089.5809999999999
1082.095
1087.9449999999999
1085.316
1096.4079999999999
1107.8900000000001
1103.162
1102.258
1096.75
1103.95
1107.021
1232.4939999999999
1488.9939999999999
1534.056
1599.5899999999999
1625.0989999999999
1618.7929999999999
1607.7760000000001
1595.202
1595.8530000000001
1586.1590000000001
1590.701
1584.7
1363.903
1098.7070000000001
1101.26
1094.028
1098.4000000000001
1105.086
1105.848
1103.874
1102.8599999999999
1097.335
1104.8869999999999
1108.28
1102.223
1105.2159999999999
1098.181
1096.0360000000001
1099.3320000000001
1100.6880000000001
1104.45
1100.981
1095.193
1102.443
1096.02
1104.8440000000001
1102.135
1096.9829999999999
1095.6849999999999
1085.951
1094.6210000000001
1100.5609999999999
1094.2550000000001
1098.6010000000001
1094.3779999999999
1093.096
1097.249
1090.4480000000001
1086.412
1087.9760000000001
1084.6410000000001
1075.413
1083.9739999999999
1083.5150000000001
1085.7429999999999
1084.502
1077.606
1082.979
1078.623
1089.7619999999999
1086.835
1086.799
1080.2090000000001
1084.931
1089.7249999999999
1086.3420000000001
1084.8130000000001
1077.9269999999999
1075.8579999999999
1085.0640000000001
1088.4880000000001
1083.7660000000001
1086.481
1076.327
1086.386
1081.143
1084.0630000000001
1069.6210000000001
1080.6479999999999
1085.9010000000001
1080.222
1077.277
1075.1479999999999
1083.5909999999999
1080.146
1088.1110000000001
1090.7819999999999
1088.489
1096.8399999999999
1099.462
1095.8510000000001
1532.6310000000001
1576.3530000000001
1600.3489999999999
1617.981
1620.258
1598.1959999999999
1588.367
1579.8789999999999
1583.694
1558.1869999999999
1105.7270000000001
1109.6769999999999
1098.7929999999999
1098.1400000000001
1101.325
1105.7059999999999
1109.424
1105.509
1095.4280000000001
1103.5550000000001
1102.2729999999999
1108.8599999999999
1106.758
1101.287
1101.903
1097.931
1099.405
1108.7280000000001
1106.375
1101.174
1102.1790000000001
1095.913
1106.2380000000001
1105.133
1106.498
1107.598
1102.6120000000001
1096.7629999999999
1103.4179999999999
1103.76
1108.501
1101.999
1098.1790000000001
1101.615
1106.2180000000001
1099.239
1090.729
1089.9649999999999
1088.5150000000001
1085.76
1080.472
1086.0899999999999
1091.8710000000001
1080.9369999999999
1083.9949999999999
1087.7929999999999
1092.1079999999999
1093.383
1084.027
1092.125
1088.8530000000001
1093.547
1089.1969999999999
1081.463
1083.857
1082.4860000000001
1091.0509999999999
1082.9649999999999
1079.5599999999999
1084.3409999999999
1088.1020000000001
1092.3119999999999
1081.943
1080.663
1086.1969999999999
1090.0699999999999
1086.2829999999999
1076.8230000000001
1088.761
1083.3050000000001
1086.3789999999999
1076.769
1081.4390000000001
1082.367
1088.6369999999999
1084.9760000000001
1085.498
1088.0229999999999
1107.0650000000001
1100.3130000000001
1097.0740000000001
1445.0170000000001
1521.973
1569.0889999999999
1604.376
1621.1849999999999
1614.932
1613.4580000000001
1592.277
1582.0139999999999
1585.104
1577.1010000000001
1574.1289999999999
1123.21
1089.2349999999999
1092.1679999999999
1096.317
1098.684
1100.433
1094.0119999999999
1085.9079999999999
1095.0450000000001
1098.569
1105.287
1099.8409999999999
1097.778
1088.6780000000001
1097.9880000000001
1104.2570000000001
1096.8620000000001
1096.165
1088.0429999999999
1096.8409999999999
1102.9480000000001
1100.6900000000001
1099.193
1091.7249999999999
1102.2840000000001
1102.9400000000001
1097.499
1087.1510000000001
1088.973
1088.97
1089.164
1093.029
1087.8199999999999
1083.144
1093.961
1086.1030000000001
1083.5409999999999
1073.116
1070.7470000000001
1088.2360000000001
1089.0740000000001
1092.7950000000001
1083.5350000000001
1088.9949999999999
1085.692
1091.6010000000001
1086.499
1085.2539999999999
1092.8009999999999
1087.912
1093.172
1080.489
1089.1980000000001
1088.1030000000001
1083.7260000000001
1079.26
1086.441
1091.162
1084.384
1085.0540000000001
1082.3399999999999
1090.232
1086.2670000000001
1086.79
1081.259
1091.7760000000001
1085.4680000000001
1088.4780000000001
1088.317
1090.0060000000001
1085.5989999999999
1080.615
1089.7809999999999
1082.682
1082.4449999999999
1074.027
1086.5050000000001
1088.5029999999999
1081.9559999999999
1082.056
1089.962
1085.346
1083.6479999999999
1130.309
1477.665
1524.875
1575.9390000000001
1594.5429999999999
1608.355
1589.1410000000001
1586.623
1578.575
1579.1110000000001
1565.4269999999999
1562.5899999999999
1163.0909999999999
1087.1990000000001
1089.5309999999999
1095.431
1092.5450000000001
1094.252
1087.942
1095.021
1100.231
1095.1210000000001
1096.2059999999999
1086.6880000000001
1095.7539999999999
1097.1600000000001
1103.4690000000001
1099.346
1090.4870000000001
1094.627
1102.2539999999999
1099.634
1088.694
1094.9359999999999
1095.2260000000001
1100.472
1095.4169999999999
1086.7
1099.537
1094.5889999999999
1097.1079999999999
1089.1089999999999
1090.7090000000001
1088.251
1087.0609999999999
1087.6489999999999
1075
1082.376
1079.6099999999999
1087.3900000000001
1078.5799999999999
1079.7560000000001
1088.912
1083.0930000000001
1084.537
1079.739
1083.4749999999999
1082.491
1087.8679999999999
1079.3489999999999
1075.7660000000001
1088.1310000000001
1081.768
1083.1189999999999
1078.9259999999999
1087.511
1085.3869999999999
1083.617
1073.6410000000001
1087.1369999999999
1084.5450000000001
1075.1099999999999
1081.692
1084.021
1080.7460000000001
1067.098
1072.4659999999999
1071.1890000000001
1072.9369999999999
1064.7080000000001
1074.414
1070.2750000000001
1076.0940000000001
1066.415
1067.6220000000001
1079.222
1075.0719999999999
1075.8820000000001
1079.6969999999999
1085.9359999999999
1190.394
1480.4770000000001
1531.1500000000001
1586.8630000000001
1601.989
1611.2840000000001
1600.5260000000001
1603.239
1583.2629999999999
1570.7639999999999
1571.1369999999999
1572.5070000000001
1554.3140000000001
1096.779
1087.191
1092.6300000000001
1092.098
1098.085
1091.123
1096.1590000000001
1087.8630000000001
1094.521
1097.942
1086.547
1089.991
1091.4659999999999
1094.8489999999999
1086.7470000000001
1090.124
1083.7429999999999
1091.6559999999999
1096.6990000000001
1089.5830000000001
1092.0840000000001
1086.5840000000001
1092.2739999999999
1096.9259999999999
1093.2070000000001
1086.8910000000001
1092.05
1098.6310000000001
1083.4469999999999
1081.3869999999999
1071.6569999999999
1082.1089999999999
1084.222
1078.5540000000001
1076.8489999999999
1073.0519999999999
1085.008
1078.7909999999999
1083.2460000000001
1078.3779999999999
1080.422
1080.6489999999999
1086.8989999999999
1077.1389999999999
1074.6389999999999
1082.018
1078.5999999999999
1084.5
1073.25
1074.7539999999999
1078.0119999999999
1075.0060000000001
1069.251
1077.047
1074.7429999999999
1068.9159999999999
1074.5609999999999
1082.835
1077.0840000000001
1075.021
1067.7080000000001
1076.5329999999999
1078.6980000000001
1074.3330000000001
1073.9069999999999
1073.6800000000001
1080.8579999999999
1077.194
1076.9400000000001
1068.153
1068.47
1233.8209999999999
1474.8040000000001
1529.6500000000001
1569.8589999999999
1601.6389999999999
1606.924
1591.636
1582.5050000000001
1567.5989999999999
1571.5699999999999
1566.797
1560.1469999999999
1481.258
1081.473
1079.7670000000001
1087.0930000000001
1083.712
1087.1469999999999
1086.432
1081.6559999999999
1083.172
1076.8199999999999
1083.3699999999999
1090.8630000000001
1094.28
1090.0419999999999
1092.77
1086.5989999999999
1092.058
1095.328
1090.4390000000001
1097.413
1093.354
1086.365
1084.2280000000001
1073.261
1078.335
1082.992
1078.788
1074.181
1068.6179999999999
1072.1659999999999
1075.646
1072.0840000000001
1068.6410000000001
1064.8599999999999
1061.3879999999999
1067.875
1068.171
1071.982
1073.5360000000001
1060.2560000000001
1066.5450000000001
1072.5150000000001
1081.854
1075.654
1068.7729999999999
1078.54
1076.579
1081.162
1078.221
1068.97
1078.681
1079.9659999999999
1080.711
1074.4069999999999
1073.502
1076.2360000000001
1080.0029999999999
1077.682
1069.7380000000001
1072.278
1074.6120000000001
1071.134
1065.2280000000001
1067.4680000000001
1071.9269999999999
1071.2919999999999
1064.4110000000001
1067.261
1067.9970000000001
1061.6130000000001
1067.4259999999999
1066.1130000000001
1072.1700000000001
1068.4760000000001
1065.752
1072.1089999999999
1067.346
1062.7750000000001
1062.261
1066.5219999999999
1074.104
1069.239
1061.4749999999999
1070.191
1071.8330000000001
1075.23
1073.886
1067.211
1074.232
1067.547
1078.722
1077.595
1073.4459999999999
1071.885
1064.8040000000001
1075.046
1072.231
1076.3040000000001
1066.345
1072.4280000000001
1071.817
1076.645
1073.4760000000001
1069.558
1067.211
1074.5619999999999
1075.4690000000001
1079.211
1075.9069999999999
1068.7339999999999
1073.8920000000001
1067.4069999999999
1074.7629999999999
1077.951
1070.9290000000001
1073.038
1066.617
1072.873
1077.0139999999999
1070.1089999999999
1076.175
1068.3599999999999
1066.337
1074.3910000000001
1073.8099999999999
1080.2760000000001
1074.806
1068.4490000000001
1073.2650000000001
1078.4200000000001
1077.913
1071.6679999999999
1074.546
1068.473
1075.4110000000001
1078.0509999999999
1066.4780000000001
1072.979
1070.1400000000001
1074.683
1078.259
1070.934
1070.3309999999999
1074.3620000000001
1079.309
1074.809
1076.559
1067.3499999999999
1073.1690000000001
1078.693
1075.117
1074.5160000000001
1067.9929999999999
1076.4059999999999
1076.596
1080.663
1075.778
1073.7059999999999
1074.3869999999999
1078.3979999999999
1076.7
1080.713
1077.4829999999999
1075.0630000000001
1070.923
1061.508
1034.973
1058.3420000000001
1049.8699999999999
1053.932
1046.434
1043.009
1048.2729999999999
1044.616
1049.5920000000001
1045.9449999999999
1041.451
1047.491
1042.662
1050.087
1052.6379999999999
1049.0889999999999
1051.3389999999999
1065.4970000000001
1073.241
1075.5509999999999
1074.8810000000001
1080.3389999999999
1080.5160000000001
1075.258
1069.316
1076.78
1076.1959999999999
1083.1469999999999
1081.626
1075.3530000000001
1078.412
1070.95
1066.7619999999999
1069.9549999999999
1074.443
1075.415
1080.546
1083.0440000000001
1078.9010000000001
1091.9280000000001
1364.502
1418.973
1465.4870000000001
1501.172
1549.732
1569.557
1585.1559999999999
1595.692
1588.9169999999999
1584.7909999999999
1581.6079999999999
1569.2429999999999
1556.915
1564.5889999999999
1552.7049999999999
1558.6489999999999
1455.998
1097.4580000000001
1092.0799999999999
1094.3630000000001
1090.8869999999999
1085.7439999999999
1089.1469999999999
1086.3050000000001
1087.1559999999999
1093.8409999999999
1095.203
1091.4159999999999
1090.8440000000001
1085.893
1094.3420000000001
1098.54
1094.7550000000001
1097.4680000000001
1097.5350000000001
1092.0409999999999
1095.3
1093.7429999999999
1095.172
1085.6220000000001
1080.049
1081.0429999999999
1072.9269999999999
1075.771
1079.885
1077.1800000000001
1075.2170000000001
1071.403
1065.7750000000001
1071.9849999999999
1077.8820000000001
1071.8810000000001
1075.905
1072.758
1068.5940000000001
1071.213
1072.596
1077.809
1073.8910000000001
1067.1279999999999
1076.1900000000001
1073.421
1076.924
1081.1420000000001
1080.768
1076.576
1075.3869999999999
1070.308
1076.48
1082.925
1075.328
1078.913
1078.693
1082.72
1082.46
1088.174
1083.9559999999999
1080.559
1085.614
1082.2760000000001
1092.8240000000001
1091.2850000000001
1088.6890000000001
1088.1310000000001
1079.4190000000001
1087.261
1089.5260000000001
1086.5619999999999
1092.115
1087.5530000000001
1078.6869999999999
1086.2370000000001
1087.9280000000001
1093.0129999999999
1091.059
1082.653
1088.0599999999999
1088.6310000000001
1090.8199999999999
1091.0319999999999
1088.2760000000001
1082.402
1089.498
1088.95
1093.3920000000001
1091.1780000000001
1087.3489999999999
1088.2560000000001
1079.1410000000001
1082.325
1083.8150000000001
1077.9110000000001
1077.258
1069.817
1079.798
1083.277
1078.404
1077.866
1073.1569999999999
1080.6559999999999
1076.664
1079.2429999999999
1089.038
1386.9380000000001
1442.9670000000001
1487.605
1539.9390000000001
1566.8230000000001
1589.2639999999999
1600.2650000000001
1593.0609999999999
1593.3900000000001
1576.8989999999999
1564.569
1571.018
1567.7349999999999
1571.2449999999999
1563.5840000000001
1295.646
1097.248
1087.6400000000001
1098.136
1098.318
1091.02
1093.654
1088.115
1094.9190000000001
1097.5170000000001
1095.684
1090.5060000000001
1086.623
1087.47
1098.085
1092.933
1096.818
1093.623
1086.6569999999999
1088.1990000000001
1092.0930000000001
1100.193
1102.588
1097.5640000000001
1079.7829999999999
1087.1510000000001
1087.6369999999999
1089.769
1093.7760000000001
1091.319
1090.5150000000001
1086.8330000000001
1082.981
1089.806
1088.232
1095.2850000000001
1094.654
1091.4849999999999
1080.73
1085.1980000000001
1088.5050000000001
1093.664
1093.627
1083.3589999999999
1092.6189999999999
1085.136
1091.6790000000001
1096.652
1089.979
1087.2729999999999
1081.0319999999999
1089.4459999999999
1093.8389999999999
1087.6990000000001
1091.059
1086.2059999999999
1090.9870000000001
1087.0450000000001
1091.9880000000001
1083.3499999999999
1086.6289999999999
1088.95
1085.704
1092.3610000000001
1085.4570000000001
1077.748
1086.5930000000001
1085.8340000000001
1090.059
1086.633
1079.5429999999999
1085.117
1082.6110000000001
1087.6389999999999
1084.4390000000001
1071.5740000000001
1078.0450000000001
1071.269
1078.9570000000001
1082.5039999999999
1075.1369999999999
1075.5139999999999
1078.7909999999999
1077.1210000000001
1077.9939999999999
1072.903
1082.752
1079.6800000000001
1081.96
1071.905
1079.115
1081.5129999999999
1072.556
1073.558
1064.212
1073.2639999999999
1072.212
1078.7940000000001
1070.8989999999999
1066.635
1071.895
1069.9090000000001
1076.223
1074.453
1067.1859999999999
1081.787
1255.9449999999999
1430.3330000000001
1461.896
1517.2090000000001
1568.4839999999999
1589.8019999999999
1593.835
1587.7049999999999
1589.9549999999999
1583.3140000000001
1588.0250000000001
1568.4590000000001
1571.1369999999999
1568.0219999999999
1429.4200000000001
1096.2349999999999
1094.731
1100.867
1096.357
1100.8720000000001
1096.704
1092.4300000000001
1097.357
1098.0740000000001
1104.175
1096.1980000000001
1099.4739999999999
1101.2280000000001
1105.7670000000001
1108.316
1099.7049999999999
1094.2750000000001
1098.7339999999999
1096.8050000000001
1102.028
1094.4870000000001
1090.239
1093.8050000000001
1085.6320000000001
1089.3389999999999
1084.4570000000001
1084.2180000000001
1086.288
1090.74
1088.2429999999999
1086.153
1079.221
1079.8900000000001
1091.335
1090.6420000000001
1088.097
1082.528
1089.6849999999999
1092.537
1090.73
1084.412
1083.576
1089.338
1085.7090000000001
1091.768
1086.057
1081.5450000000001
1088.134
1085.6890000000001
1090.8019999999999
1090.1669999999999
1083.2470000000001
1080.951
1087.1569999999999
1081.615
1090.5429999999999
1093.893
1089.3720000000001
1088.4100000000001
1088.6289999999999
1094.6010000000001
1082.23
1081.49
1090.4839999999999
1089.2760000000001
1094.5
1082.2180000000001
1085.6559999999999
1088.6900000000001
1094.2739999999999
1095.4860000000001
1088.577
1093.5409999999999
1083.1900000000001
1089.4490000000001
1092.2550000000001
1092.9449999999999
1087.7249999999999
1086.941
1079.01
1086.837
1083.7190000000001
1079.1569999999999
1084.432
1078.3420000000001
1076.0650000000001
1070.7570000000001
1077.8630000000001
1077.04
1070.962
1072.8579999999999
1067.0550000000001
1077.037
1086.4760000000001
1079.338
1084.4590000000001
1076.374
1087.4400000000001
1153.347
1410.9300000000001
1458.4580000000001
1561.1790000000001
1583.8130000000001
1601.403
1598.9300000000001
1603.98
1584.8800000000001
1577.3130000000001
1576.345
1575.6880000000001
1574.106
1556.232
1472.79
1094.8320000000001
1099.338
1093.52
1087.9380000000001
1095.0139999999999
1099.22
1103.03
1096.7660000000001
1095.0909999999999
1094.933
1098.011
1100.499
1092.9760000000001
1091.249
1096.134
1091.8499999999999
1083.7570000000001
1084.1479999999999
1087.424
1094.145
1092.492
1074.213
1078.5599999999999
1076.3230000000001
1083.5550000000001
1080.665
1071.9400000000001
1076.1759999999999
1086.048
1081.3430000000001
1074.04
1082.212
1088.537
1091.4659999999999
1082.1980000000001
1086.357
1081.989
1088.963
1084.9300000000001
1078.867
1083.3330000000001
1081.1489999999999
1087.9749999999999
1084.6880000000001
1077.193
1082.2460000000001
1080.135
1085.1690000000001
1079.874
1074.1300000000001
1082.1769999999999
1085.2280000000001
1088.2180000000001
1079.5740000000001
1083.444
1077.7919999999999
1087.4780000000001
1085.415
1074.8699999999999
1082.3710000000001
1083.1300000000001
1088.088
1077.385
1077.1990000000001
1085.2739999999999
1088.3510000000001
1091.597
1079.3150000000001
1073.6030000000001
1081.415
1083.384
1077.952
1070.537
1077.8820000000001
1078.057
1079.2449999999999
1068.221
1074.145
1072.259
1077.1679999999999
1071.096
1076.2719999999999
1090.0530000000001
1086.614
1084.47
1081.605
1089.086
1081.6400000000001
1088.1679999999999
1080.546
1082.952
1090.346
1085.4880000000001
1076.9110000000001
1085.184
1081.6610000000001
1081.085
1071.0730000000001
1079.2360000000001
1080.7760000000001
1068.8599999999999
1075.6300000000001
1073.9079999999999
1078.133
1074.2449999999999
1077.712
1070.537
1078.434
1073.6020000000001
1078.6579999999999
1080.4549999999999
1071.2439999999999
1076.2560000000001
1069.046
1078.867
1072.7280000000001
1071.046
1063.9490000000001
1074.972
1068.0429999999999
1066.519
1061.0309999999999
1067.95
1062.0409999999999
1065.4849999999999
1060.7329999999999
1072.9480000000001
1069.2360000000001
1061.4770000000001
1069.759
1071.028
