   0.123
   0.123
   0.123
   0.113
   0.123
   0.123
   0.123
   0.123
   0.113
   0.123
   0.123
   0.123
   0.113
   0.123
   0.123
   0.123
   0.123
   0.123
   0.113
   0.123
   0.123
   0.123
   0.123
   0.113
   0.123
   0.123
   0.123
   0.123
   0.113
   0.123
   0.123
   0.123
   0.123
   0.123
   0.113
   0.123
   0.123
   0.123
   0.123
   0.113
   0.123
   0.123
   0.123
   0.123
   0.113
   0.123
   0.123
   0.123
   0.123
   0.123
   0.123
   0.113
   0.123
   0.123
   0.123
   0.123
   0.113
   0.123
   0.123
   0.123
   0.123
   0.123
   0.113
   0.123
   0.123
   0.123
   0.123
   0.123
   0.113
   0.123
   0.123
   0.123
   0.123
   0.123
   0.113
   0.123
   0.123
   0.123
   0.123
   0.123
   0.123
   0.123
   0.113
   0.123
   0.123
   0.123
   0.123
   0.123
   0.113
   0.123
   0.123
   0.123
   0.123
   0.123
   0.123
   0.113
   0.123
   0.123
   0.123
   0.123
   0.123
   0.123
   0.113
   0.123
   0.123
   0.123
   0.123
   0.123
   0.113
   0.123
   0.123
   0.123
   0.123
   0.123
   0.123
   0.113
   0.123
   0.123
   0.123
   0.123
   0.123
   0.123
   0.113
   0.123
   0.123
   0.123
   0.123
   0.123
   0.123
   0.113
   0.123
   0.123
   0.123
   0.123
   0.113
   0.123
   0.123
   0.123
   0.123
   0.123
   0.113
   0.123
   0.123
   0.123
   0.123
   0.123
   0.113
   0.123
   0.123
   0.123
   0.123
   0.123
   0.113
   0.123
   0.123
   0.123
   0.123
   0.123
   0.113
   0.123
   0.123
   0.123
   0.123
   0.123
   0.123
   0.113
   0.123
   0.123
   0.123
   0.123
   0.123
   0.113
   0.123
   0.123
   0.123
   0.123
   0.123
   0.123
   0.113
   0.123
   0.123
   0.123
   0.123
   0.123
   0.113
   0.123
   0.123
   0.123
   0.123
   0.123
   0.123
   0.123
   0.113
   0.123
   0.123
   0.123
   0.123
   0.123
   0.113
   0.123
   0.123
   0.123
   0.123
   0.123
   0.113
   0.123
   0.123
   0.123
   0.123
   0.123
   0.123
   0.113
   0.123
   0.123
   0.123
   0.123
   0.123
   0.113
   0.123
   0.123
   0.123
   0.123
   0.113
   0.123
   0.123
   0.123
   0.123
   0.123
   0.113
   0.123
   0.123
   0.123
   0.123
   0.113
   0.123
   0.123
   0.123
   0.123
   0.123
   0.113
   0.123
   0.123
   0.123
   0.123
   0.113
   0.123
   0.123
   0.123
   0.123
   0.113
   0.123
   0.123
   0.123
   0.123
   0.113
   0.123
   0.123
   0.123
   0.123
   0.123
   0.113
   0.123
   0.123
   0.123
   0.123
   0.113
   0.123
   0.123
   0.123
   0.113
   0.123
   0.123
   0.123
   0.123
   0.123
   0.113
   0.123
   0.123
   0.123
   0.123
   0.113
   0.123
   0.123
   0.123
   0.123
   0.113
   0.123
   0.123
   0.123
   0.123
   0.123
   0.113
   0.123
   0.123
   0.123
   0.113
   0.123
   0.123
   0.123
   0.123
   0.113
   0.123
   0.123
   0.123
   0.123
   0.123
   0.123
   0.113
   0.123
   0.123
   0.123
   0.123
   0.113
   0.123
   0.123
   0.123
   0.123
   0.113
   0.123
   0.123
   0.123
   0.123
   0.123
   0.123
   0.113
   0.123
   0.123
   0.123
   0.123
   0.113
   0.123
   0.123
   0.123
   0.123
   0.113
   0.123
   0.123
   0.123
   0.123
   0.123
   0.113
   0.123
   0.123
   0.123
   0.113
   0.123
   0.123
   0.123
   0.123
   0.113
   0.123
   0.123
   0.123
   0.123
   0.123
   0.113
   0.123
   0.123
   0.123
   0.113
   0.123
   0.123
   0.123
   0.123
   0.113
   0.123
   0.123
   0.123
   0.113
   0.123
   0.123
   0.113
   0.123
   0.123
   0.113
   0.123
   0.113
   0.123
   0.123
   0.123
   0.113
   0.123
   0.123
   0.113
   0.123
   0.123
   0.113
   0.123
   0.123
   0.113
   0.123
   0.113
   0.123
   0.123
   0.113
   0.123
   0.123
   0.113
   0.123
   0.123
   0.113
   0.123
   0.123
   0.113
   0.123
   0.123
   0.113
   0.123
   0.113
   0.123
   0.123
   0.113
   0.123
   0.123
   0.123
   0.113
   0.123
   0.123
   0.113
   0.123
   0.123
   0.123
   0.123
   0.113
   0.123
   0.123
   0.123
   0.123
   0.123
   0.113
   0.123
   0.123
   0.123
   0.123
   0.123
   0.123
   0.113
   0.123
   0.123
   0.123
   0.123
   0.113
   0.123
   0.123
   0.123
   0.123
   0.123
   0.113
   0.123
   0.123
   0.123
   0.123
   0.123
   0.113
   0.123
   0.123
   0.123
   0.123
   0.113
   0.123
   0.123
   0.123
   0.123
   0.123
   0.113
   0.123
   0.123
   0.123
   0.123
   0.123
   0.113
   0.123
   0.123
   0.123
   0.123
   0.123
   0.113
   0.123
   0.123
   0.123
   0.123
   0.123
   0.113
   0.123
   0.123
   0.123
   0.123
   0.123
   0.123
   0.123
   0.123
   0.123
   0.123
   0.133
   0.123
   0.123
   0.123
   0.123
   0.123
   0.133
    0.63
   0.431
   0.501
   0.262
   0.839
   1.208
   0.222
   0.232
   0.222
   0.232
   0.212
   0.222
   0.222
   0.133
   0.143
   0.133
   0.143
   0.192
    0.63
   0.411
   0.461
   0.252
   0.252
   1.695
   0.879
   0.899
   0.312
   0.252
   0.242
   0.242
   0.242
   0.879
   1.168
   0.909
   0.879
   0.929
   0.859
   0.869
    0.69
   0.232
   0.232
   0.242
   0.232
   0.232
   0.232
   0.232
   0.222
   0.232
   0.232
   0.222
   0.232
   0.222
   0.232
   0.222
   0.232
   0.222
   0.232
   0.232
   0.222
   0.222
   0.232
   0.222
   0.222
   0.272
   1.854
   1.138
   1.188
   1.138
   1.178
   1.217
   1.208
   0.212
   0.232
   0.222
   0.212
   0.222
   0.222
   0.222
   0.222
   0.222
   0.222
   0.222
   0.212
   0.222
   0.222
   0.222
   0.212
   0.222
   0.222
   0.212
   0.222
   0.222
   0.212
   0.222
   0.212
   0.202
   2.024
   1.436
   1.635
   1.616
   1.546
   1.456
   1.486
   0.451
   0.222
   0.212
   0.222
   0.212
   0.222
   0.212
   0.212
   0.222
   0.212
   0.212
   0.222
   0.212
   0.212
   0.222
   0.212
   0.212
   0.222
   0.212
   0.212
   0.212
   0.183
   0.183
   0.173
   0.183
   1.536
   1.984
   2.004
   1.735
   1.825
   1.884
   1.874
   0.829
   0.183
   0.173
   0.183
   0.173
   0.183
   0.173
   0.183
   0.173
   0.173
   0.183
   0.173
   0.183
   0.173
   0.183
   0.173
   0.173
   0.183
   0.183
   0.173
   0.173
   0.183
   0.173
   0.183
   0.173
    0.76
   2.452
   1.994
   1.805
   1.904
   2.083
   1.944
   1.526
   0.222
   0.212
   0.212
   0.212
   0.212
   0.212
   0.202
   0.212
   0.212
   0.212
   0.212
   0.212
   0.212
   0.212
   0.212
   0.212
   0.192
   0.173
   0.173
   0.173
   0.183
   0.173
   0.173
   0.173
   0.202
    2.85
   2.143
   2.213
   2.193
   2.282
   2.322
   1.755
   0.173
   0.173
   0.173
   0.173
   0.183
   0.173
   0.173
   0.173
   0.173
   0.183
   0.173
   0.173
   0.173
   0.173
   0.183
   0.173
   0.173
   0.173
   0.183
   0.173
   0.173
   0.173
   0.173
   0.173
   0.173
   2.133
   2.332
   2.223
   2.292
   2.163
   2.282
   2.233
    0.61
   0.173
   0.183
   0.173
   0.173
   0.173
   0.173
   0.173
   0.173
   0.183
   0.173
   0.173
   0.173
   0.173
   0.173
   0.173
   0.173
   0.173
   0.183
   0.173
   0.173
   0.173
   0.173
   0.173
   0.173
   1.297
   2.601
   2.133
   2.282
   2.213
   2.262
   2.302
   1.148
   0.173
   0.183
   0.173
   0.173
   0.173
   0.173
   0.173
   0.173
   0.173
   0.173
   0.173
   0.173
   0.173
   0.173
   0.173
   0.173
   0.173
   0.173
   0.173
   0.183
   0.163
   0.173
   0.183
   0.173
   0.302
    2.84
   2.113
   2.063
   2.362
   2.332
   2.292
   1.835
   0.173
   0.173
   0.173
   0.173
   0.173
   0.173
   0.173
   0.173
   0.173
   0.173
   0.173
   0.173
   0.173
   0.173
   0.183
   0.173
   0.173
   0.173
   0.173
   0.173
   0.173
   0.173
   0.173
   0.173
   0.173
   2.402
   2.203
   2.272
   2.233
   2.213
   2.322
   2.302
   0.421
   0.202
   0.212
   0.202
   0.212
   0.212
   0.202
   0.173
   0.173
   0.173
   0.173
   0.173
   0.173
   0.173
   0.173
   0.173
   0.173
   0.173
   0.173
   0.173
   0.173
   0.173
   0.173
   0.173
   0.163
   1.675
   2.571
   2.471
   2.372
   2.382
   2.322
   2.372
   1.118
   0.173
   0.163
   0.173
   0.173
   0.173
   0.173
   0.173
   0.173
   0.173
   0.173
   0.173
   0.173
   0.173
   0.173
   0.173
   0.173
   0.173
   0.173
   0.163
   0.173
   0.173
   0.173
   0.173
   0.173
   0.302
   3.218
   2.223
   2.422
   2.332
   2.442
   2.461
   1.974
   0.173
   0.173
   0.173
   0.173
   2.899
   2.481
   2.481
   2.302
   2.422
   2.491
   2.442
   0.173
   0.173
   0.173
   0.173
   0.173
   0.173
   0.173
   0.173
   0.173
   0.163
   0.173
   0.173
   0.173
   0.173
   0.173
   0.173
   0.173
   0.173
   0.173
   0.173
   0.163
   0.173
   0.173
   0.173
   0.173
   2.053
   2.651
   2.312
   2.382
   2.412
   2.352
   2.481
   1.018
   0.173
   0.173
   0.173
   0.173
   0.173
   0.173
   0.173
   0.173
   0.173
   0.173
   0.163
   0.173
   0.173
   0.173
   0.173
   0.173
   0.173
   0.173
   0.173
   0.173
   0.163
   0.173
   0.173
   0.173
   0.829
   2.979
   2.342
   2.432
   2.282
   2.461
   2.481
   1.616
   0.173
   0.173
   0.173
   0.173
   0.163
   0.173
   0.173
   0.173
   0.173
   0.173
   0.173
   0.163
   0.173
   0.173
   0.173
   0.173
   0.173
   0.173
   0.173
   0.173
   0.163
   0.173
   0.173
   0.173
   0.232
   3.108
   2.183
   2.322
   2.471
   2.481
   2.382
   2.133
   0.153
   0.183
   0.173
   0.163
   0.173
   0.173
   0.173
   0.173
   0.163
   0.173
   0.173
   0.173
   0.173
   0.173
   0.163
   0.173
    0.66
   1.118
   1.138
   1.158
   1.178
   1.178
   1.168
   1.168
   1.178
   1.178
   1.028
   0.999
   1.018
   1.018
   0.999
   1.009
   1.009
   0.999
   1.009
   1.009
   1.009
   1.018
   1.018
   1.018
   1.018
   1.018
   1.018
   1.018
   1.018
   1.028
   1.018
   1.018
   1.028
   1.018
   1.018
   1.028
   1.028
   1.028
   1.018
   1.038
   1.198
   2.919
   2.223
   2.302
   2.332
   2.272
   2.292
   2.382
   2.352
   2.372
   2.302
   2.282
   2.302
   2.153
   2.103
   1.864
   1.795
   1.556
   1.635
   1.546
   1.675
   1.556
   1.576
   1.616
   1.626
   1.685
   1.695
   1.635
   1.576
   1.586
   1.586
   1.626
   1.715
   1.556
   1.506
   1.566
   1.626
   1.516
   1.486
   1.546
   1.526
   1.426
   1.516
   1.446
   1.436
   1.486
   1.397
   1.466
   1.367
   1.417
   1.367
   1.426
   1.367
   1.417
   1.367
   1.417
   1.367
   1.407
   1.377
   1.387
   1.397
   1.367
   1.407
   1.367
   1.407
   1.357
   1.417
   1.357
   1.407
   1.367
   1.387
   1.367
   1.397
   1.377
   1.377
   1.397
   1.367
   1.387
   1.367
   1.397
   1.367
   1.397
   1.357
   1.407
   1.357
   1.397
   1.367
   1.387
   1.357
   1.397
   1.357
   1.377
   1.387
   1.367
   1.387
   1.785
   2.969
   1.755
   1.506
   1.556
   1.536
   1.556
   1.536
   1.546
   1.536
   1.536
   1.536
   1.526
   1.536
   1.526
   1.536
   1.526
   1.526
   1.526
   1.506
   1.536
   1.516
   1.088
   1.018
   1.387
   1.317
   1.327
   1.317
   1.337
   1.307
   1.357
   1.327
   1.387
   1.337
   1.377
   1.377
   1.357
   1.377
   1.327
   1.347
   1.357
   1.327
   1.367
   1.367
   1.327
   1.367
   1.337
   1.347
   1.367
   1.327
   1.357
   1.367
   1.337
   1.357
   1.347
   1.347
   1.367
   1.337
   1.337
   1.377
   1.327
   1.367
   1.367
   1.327
   1.357
   1.347
   1.337
   1.377
   1.327
   1.347
   1.367
   1.327
   1.357
   1.357
   1.327
   1.367
   1.357
   1.327
   1.377
   1.327
   1.347
   1.367
   1.317
   1.367
   1.347
   1.337
   1.665
   2.561
   0.999
   0.949
   1.765
   1.655
   0.819
   0.212
   0.202
   0.202
   0.212
   0.202
   0.202
   0.212
   0.202
   0.202
   0.212
   0.202
   0.202
     0.8
   2.024
   1.675
   1.108
   0.202
   0.212
   0.202
   0.202
   0.212
   0.202
   0.202
   0.212
   0.202
   0.212
   0.202
   0.202
   0.411
   2.302
   1.765
   1.367
   0.212
   0.202
   0.202
   0.212
   0.202
   0.202
   0.202
   0.212
   0.202
   0.202
   0.212
   0.202
   0.202
   2.163
   2.004
   1.924
   0.292
   0.202
   0.212
   0.202
   0.202
   0.202
   0.212
   0.202
   0.202
   0.212
   0.202
   0.202
   0.212
   1.844
   2.233
   2.203
    0.75
   0.212
   0.202
   0.202
   0.202
   0.212
   0.202
   0.202
   0.212
   0.202
   0.202
   0.212
   0.202
   1.426
    2.75
   2.332
   1.208
   0.202
   0.212
   0.202
   0.202
   0.212
   0.202
   0.202
   0.212
   0.202
   0.202
   0.212
   0.202
    0.78
   3.069
   2.571
   1.715
   0.212
   0.202
   0.202
   0.212
   0.202
   0.202
   0.212
   0.202
   0.202
   0.212
   0.202
   0.202
   0.282
   3.168
     2.7
   2.491
   0.212
   0.202
   0.202
   0.202
   0.173
   0.173
   0.173
   0.163
   0.173
   0.173
   0.173
   0.173
   0.163
    2.81
    2.86
   2.959
   0.292
   0.173
   0.163
   0.173
   0.173
   0.173
   0.163
   0.173
   0.401
   3.228
   2.959
   2.939
   2.452
   0.262
   0.242
   0.252
   0.252
   0.252
   0.262
   0.242
   0.252
   0.252
   0.252
   0.252
   0.252
    2.71
   3.277
   2.989
   2.879
   0.153
   0.173
   0.173
   0.163
   0.173
   0.173
   0.173
   0.163
   0.173
   0.173
   0.163
   0.173
   2.272
   3.486
   3.049
   3.029
   0.202
   0.173
   0.173
   0.163
   0.173
   0.173
   0.173
   0.163
   0.173
   0.173
   0.163
   0.173
   2.053
   3.337
   3.039
   3.218
   0.541
   0.163
   0.173
   0.173
   0.173
   0.163
   0.173
   0.173
   0.173
   0.163
   0.173
   0.173
   1.944
   3.377
   3.069
   3.178
   1.168
   0.173
   0.163
   0.173
   0.173
   0.173
   0.163
   0.173
   0.173
   0.173
   0.163
   0.173
   1.178
   3.427
   3.198
   3.168
   1.566
   0.163
   0.173
   0.173
   0.173
   0.163
   0.173
   0.173
   0.173
   0.163
   0.173
   0.173
    0.76
   3.457
   3.188
   3.168
   2.203
   0.173
   0.173
   0.163
   0.173
   0.173
   0.173
   0.163
   0.173
   0.173
   0.173
   0.163
   0.282
   3.297
   3.437
   3.198
    2.74
   0.163
   0.173
   0.163
   0.173
   0.173
   0.173
   0.163
   0.173
   0.173
   0.173
   0.163
   0.173
    2.66
   2.989
   1.088
   1.158
   1.178
   1.168
   1.198
   1.188
   1.188
   1.188
   1.188
   1.178
   1.188
   1.198
   1.178
   1.188
   1.188
   1.188
   1.178
   1.178
   1.188
   1.178
   1.178
   1.108
   1.028
   1.028
   1.028
   1.028
   1.018
   1.018
   1.018
   1.018
   1.018
   1.009
   1.257
   3.128
   2.362
   2.471
   2.422
   2.442
   2.402
   2.412
   2.452
   2.422
   2.481
   2.471
   2.302
   2.262
   2.382
   2.113
   2.063
   1.844
   1.675
   1.854
   1.884
   1.785
   1.655
   1.546
   1.536
   1.566
   1.556
   1.576
   1.576
   1.586
   1.606
   1.556
   1.556
   1.576
   1.566
   1.526
   1.506
   1.526
   1.526
   1.486
   1.456
   1.486
   1.446
   1.436
   1.446
   1.426
   1.426
   1.417
   1.407
   1.387
   1.377
   1.387
   1.377
   1.387
   1.377
   1.387
   1.367
   1.387
   1.367
   1.387
   1.377
   1.367
   1.387
   1.377
   1.377
   1.367
   1.377
   1.367
   1.387
   1.367
   1.387
   1.357
   1.387
   1.367
   1.387
   1.367
   1.387
   1.367
   1.367
   1.387
   1.357
   1.387
   1.357
   1.377
   1.367
   1.387
   1.357
   1.387
   1.357
   1.377
   1.367
   1.377
   1.357
   1.377
   1.367
   1.367
   1.596
   2.989
   1.904
   1.486
   1.526
   1.526
   1.536
   1.526
   1.526
   1.516
   1.536
   1.506
   1.516
   1.506
   1.516
    2.68
   3.238
   2.272
   1.009
   1.138
   1.775
   1.705
   1.028
   0.202
   0.202
   0.202
   0.212
   0.202
   0.202
   0.212
   0.202
   0.202
   0.202
   0.212
   0.202
   0.521
   2.352
   1.695
   1.217
   0.202
   0.202
   0.212
   0.202
   0.202
   0.202
   0.212
   0.202
   0.202
   0.212
   0.202
   0.202
   0.292
   2.422
   1.775
   1.546
   0.202
   0.212
   0.202
   0.202
   0.202
   0.212
   0.202
   0.202
   0.212
   0.202
   0.202
   0.202
   0.202
   2.173
   2.083
   2.103
   0.312
   0.212
   0.202
   0.202
   0.202
   0.212
   0.202
   0.202
   0.202
   0.212
   0.202
   0.202
   0.202
   1.954
   2.422
   2.352
     0.7
   0.202
   0.202
   0.202
   0.202
   0.212
   0.202
   0.202
   0.212
   0.202
   0.202
   0.202
   0.212
   1.426
   3.009
   2.302
   1.267
   0.202
   0.212
   0.202
   0.202
   0.202
   0.212
   0.202
   0.202
   0.212
   0.202
   0.202
   0.202
   0.999
   3.078
   2.601
   1.755
   0.212
   0.202
   0.202
   0.202
   0.212
   0.202
   0.202
   0.212
   0.202
   0.202
   0.202
   0.212
   0.342
   3.218
    2.85
   2.422
   0.212
   0.202
   0.183
   0.163
   0.173
   0.173
   0.173
   0.163
   0.173
   0.173
   0.163
   0.173
   0.173
   2.899
   3.078
   2.899
   0.163
   0.163
   0.173
   0.173
   0.163
   0.173
   0.173
    2.84
   3.108
   2.949
   2.979
   0.372
   0.202
   0.212
   0.202
   0.202
   0.212
   0.202
   0.202
   0.202
   0.212
   0.202
   0.202
   2.213
   3.218
   3.198
   3.198
    0.71
   0.163
   0.173
   0.173
   0.163
   0.173
   0.173
   0.163
   0.173
   0.173
   0.173
   0.163
   1.596
   3.307
   3.228
   3.138
   1.168
   0.173
   0.163
   0.173
   0.173
   0.163
   0.173
   0.173
   0.163
   0.173
   0.173
   0.173
   1.028
   3.367
   3.118
   3.258
   1.825
   0.163
   0.173
   0.173
   0.173
   0.163
   0.173
   0.173
   0.163
   0.173
   0.173
   0.173
    0.61
   3.526
   3.019
   3.218
   2.203
   0.173
   0.173
   0.163
   0.173
   0.173
   0.163
   0.173
   0.173
   0.173
   0.163
   0.173
   0.173
    2.83
   3.486
   3.078
   2.959
   0.153
   0.173
   0.173
   0.173
   0.163
   0.173
   0.173
   0.173
   0.163
   0.173
   0.173
   0.163
   2.442
   3.377
   3.188
   3.148
   0.222
   0.173
   0.163
   0.173
   0.173
   0.173
   0.163
   0.173
   0.173
   0.163
   0.173
   0.173
   2.173
   3.287
   3.198
   3.387
    0.71
   0.173
   0.173
   0.163
   0.173
   0.173
   0.173
   0.163
   0.173
   0.173
   0.173
   0.163
   1.655
   3.387
   1.267
   1.158
   1.188
   1.188
   1.198
   1.198
   1.198
   1.198
   1.198
   1.188
   1.198
   1.198
   1.198
   1.188
   1.198
   1.188
   1.198
   1.188
   1.188
   1.188
   1.198
   1.168
   1.028
   1.028
   1.028
   1.038
   1.028
   1.018
   1.018
   1.028
   1.018
   1.018
   1.018
   3.049
   2.312
   2.442
   2.382
   2.452
   2.322
   2.442
   2.461
   2.412
   2.461
   2.372
   2.422
   2.282
   2.412
   2.123
   1.835
   1.825
   1.944
   1.635
   1.616
   1.864
   1.904
   1.835
   1.805
   1.705
   1.635
   1.626
   1.675
   1.675
   1.536
   1.516
   1.536
   1.586
   1.606
   1.456
   1.466
   1.556
   1.516
   1.397
   1.506
   1.476
   1.377
   1.506
   1.377
   1.446
   1.417
   1.407
   1.367
   1.377
   1.387
   1.357
   1.397
   1.347
   1.407
   1.347
   1.397
   1.347
   1.407
   1.347
   1.397
   1.357
   1.377
   1.367
   1.377
   1.367
   1.357
   1.387
   1.357
   1.387
   1.347
   1.397
   1.337
   1.397
   1.337
   1.397
   1.347
   1.387
   1.347
   1.377
   1.357
   1.377
   1.367
   1.377
   1.377
   1.347
   1.387
   1.347
   1.397
   1.337
   1.397
   1.337
   1.387
   1.347
   1.387
   1.347
   1.407
    2.75
   2.352
   1.526
   1.566
   1.556
   1.576
   1.586
   1.576
   1.586
   1.556
   1.556
   1.556
   1.566
   1.556
   2.282
   3.357
   2.641
   1.018
   1.018
   1.665
   1.815
   1.705
   1.655
   0.829
   0.202
   0.202
   0.212
   0.202
   0.202
   0.202
   0.212
   0.202
   0.202
   0.202
   0.202
    0.79
   2.034
   1.745
   1.715
   0.989
   0.173
   0.163
   0.173
   0.173
   0.173
   0.163
   0.173
   0.173
   0.163
   0.173
   0.173
   0.591
   2.233
   1.715
   1.685
   1.446
   0.202
   0.202
   0.202
   0.212
   0.202
   0.202
   0.202
   0.202
   0.212
   0.202
   0.202
   0.232
   2.382
   1.735
   1.914
   1.795
   0.183
   0.212
   0.202
   0.202
   0.202
   0.202
   0.212
   0.202
   0.202
   0.202
   0.202
   0.212
   2.322
   1.884
   2.073
   2.143
   0.322
   0.202
   0.202
   0.202
   0.212
   0.202
   0.202
   0.202
   0.202
   0.202
   0.212
     0.7
   2.601
   2.173
   1.436
   0.173
   0.173
   0.173
   0.163
   0.173
   0.173
   0.163
   0.173
   0.173
   0.173
   0.163
   0.173
   0.252
   2.909
   2.252
   1.914
   0.163
   0.173
   0.163
   0.173
   0.173
   0.173
   0.163
   0.173
   0.173
   0.163
   0.173
   0.173
   0.163
   2.541
   2.302
   2.252
   0.372
   0.163
   0.173
   0.173
   0.173
   0.163
   0.173
   0.173
   0.163
   0.173
   0.173
   0.163
   0.173
   1.825
   2.342
   2.332
    0.65
   0.173
   0.163
   0.173
   0.173
   0.163
   0.173
   0.173
   0.173
   0.163
   0.173
   0.173
   0.163
   1.606
   2.452
   2.153
   1.038
   0.173
   0.202
   1.287
   1.128
   1.178
   1.188
   1.178
   1.178
   1.188
   1.118
   1.038
   1.028
   1.048
   1.038
   1.028
   1.018
   1.028
   1.028
   1.038
   1.018
   1.028
   1.028
   1.018
   1.028
   1.028
   1.028
   1.028
   1.018
   1.028
   1.028
   1.018
   1.028
   1.028
   1.018
   1.028
   1.028
   1.028
   1.018
   2.442
   2.252
   2.272
   2.282
   2.362
   2.461
   2.382
   2.442
   2.252
   2.432
   2.342
   2.332
   2.322
   2.053
   2.173
   2.093
   1.795
   1.566
   1.785
   1.825
   1.715
   1.844
   1.655
   1.586
   1.586
   1.616
   1.616
   1.586
   1.576
   1.526
   1.526
   1.526
   1.616
   1.536
   1.456
   1.486
   1.566
   1.476
   1.446
   1.486
   1.476
   1.397
   1.496
   1.407
   1.426
   1.436
   1.397
   1.417
   1.367
   1.407
   1.347
   1.397
   1.357
   1.397
   1.367
   1.387
   1.377
   1.377
   1.377
   1.377
   1.377
   1.367
   1.387
   1.357
   1.397
   1.357
   1.397
   1.357
   1.377
   1.357
   1.397
   1.357
   1.387
   1.357
   1.377
   1.377
   1.367
   1.387
   1.337
   1.397
   1.347
   1.387
   1.347
   1.387
   1.347
   1.397
   1.347
   1.387
   1.357
   1.377
   1.367
   1.367
   1.367
   1.357
   1.377
   2.412
   2.591
   1.536
   1.496
   1.526
   1.526
   1.536
   1.526
   1.526
   1.506
   1.526
   1.516
   1.506
   1.516
   1.516
   1.506
   1.516
   1.506
   1.506
   1.516
   1.496
   1.526
   1.287
   1.018
   1.158
   1.337
   1.347
   1.307
   1.337
   1.307
   0.999
   1.078
   1.864
   2.113
   2.163
   2.342
   2.511
   2.163
   1.735
   1.765
   1.785
   1.775
   1.765
   1.795
   1.755
   1.775
   1.765
   1.755
   1.755
   1.755
   1.755
   1.755
   1.745
   1.755
   1.745
   1.745
   1.745
   1.745
   1.755
   1.735
   1.745
   1.725
   1.785
   2.491
   2.551
    2.67
    2.81
   2.939
   2.959
   1.785
   1.715
   2.312
   2.163
   2.113
   2.123
   2.113
   2.103
   2.093
   2.093
   2.083
   2.113
   2.093
   2.073
   2.083
   2.093
   2.083
   2.073
   2.103
   3.904
   4.223
   4.521
    4.84
   5.089
   5.347
   5.606
   5.855
   6.124
   6.263
   3.656
   3.307
   3.317
   3.347
   3.327
   3.307
   3.297
   3.268
   3.277
   3.258
   3.258
   3.258
   3.238
   3.238
   3.238
   3.238
   3.218
   3.238
   3.208
   3.228
   3.228
   3.208
   3.188
   3.198
   3.208
   3.208
   3.188
   3.178
   3.208
   3.188
   3.198
   3.586
   3.735
   3.775
   3.785
   3.825
   3.845
   3.885
   3.904
   3.944
   3.984
   3.994
   4.034
   4.054
   4.103
   4.094
   4.123
   4.163
   4.193
   4.243
   4.213
   4.293
   4.263
   4.322
   4.322
   4.362
   4.382
   4.412
   4.432
   4.482
   4.472
   4.512
   4.512
   4.571
   4.581
   4.601
   4.621
   4.651
   4.382
   4.084
   4.103
   4.123
   4.123
   4.094
   4.103
   4.123
   4.084
   4.084
   4.094
   4.094
   4.113
   4.064
   4.094
   4.084
   4.094
   4.074
   4.103
   4.074
   4.094
   4.074
   4.074
   4.084
   4.074
   4.094
   4.084
   4.064
   4.064
   4.084
   4.064
   4.064
   4.094
   4.054
   4.074
   4.064
   4.074
   4.074
   4.064
   4.084
   4.054
   4.074
   4.054
   4.064
   4.064
   4.094
   4.044
   4.074
   4.034
   4.074
   4.044
   4.044
   4.054
   4.064
   4.034
   4.044
   4.034
   4.034
   4.074
   4.024
   4.054
   4.044
   4.044
   4.034
   4.044
   4.044
   4.034
   4.054
   4.024
   4.034
   4.044
   4.034
   4.044
   4.004
   4.024
   4.024
   4.024
   4.034
   4.034
   4.044
   4.024
   4.044
   4.054
   4.024
   4.024
   4.044
   4.024
   4.014
   4.054
   4.004
   4.054
   4.014
   4.054
   4.014
   4.034
   4.014
   4.034
   4.044
   3.994
   4.014
   4.034
   4.044
   4.004
   4.024
   4.024
   4.034
   4.004
   4.024
   4.024
   4.024
   2.651
   3.715
   3.725
   3.715
   3.695
   3.686
   3.695
   3.646
   3.646
   3.636
   3.606
   3.606
   3.596
   3.526
   3.218
   1.984
   0.163
   1.775
   0.939
     0.7
   0.173
   0.292
   0.173
   0.173
   0.173
   0.163
   0.212
   0.133
   0.113
   0.123
   0.123
   0.113
   0.123
   0.113
   0.123
   0.123
   0.113
   0.123
   0.123
   0.113
   0.123
   0.113
   0.123
   0.123
   0.113
   0.123
   0.113
   0.123
   0.123
   0.113
   0.123
   0.113
   0.123
   0.123
   0.113
   0.123
   0.123
   0.113
   0.123
   0.113
   0.123
   0.123
   0.113
   0.123
   0.113
   0.123
   0.113
   0.123
   0.123
   0.113
   0.123
   0.123
   0.113
   0.123
   0.113
   0.123
   0.123
   0.113
   0.123
   0.113
   0.123
   0.123
   0.113
   0.123
   0.113
   0.123
   0.123
   0.113
   0.123
   0.123
   0.113
   0.123
   0.113
   0.123
   0.123
   0.113
   0.123
   0.113
   0.123
   0.123
   0.113
   0.123
   0.123
   0.113
   0.123
   0.113
   0.123
   0.123
   0.113
   0.123
   0.113
   0.123
   0.123
   0.113
   0.123
   0.113
   0.123
   0.123
   0.113
   0.123
   0.123
   0.113
   0.123
   0.113
   0.123
   0.123
   0.113
   0.123
   0.113
   0.123
   0.123
   0.113
   0.123
   0.123
   0.113
   0.123
   0.113
   0.123
   0.123
   0.113
   0.123
   0.123
   0.113
   0.123
   0.113
   0.123
   0.123
   0.113
   0.123
   0.113
   0.123
   0.123
   0.113
   0.123
   0.123
   0.113
   0.123
   0.113
   0.123
   0.123
   0.113
   0.123
   0.113
   0.123
   0.113
   0.123
   0.123
   0.113
   0.123
   0.123
   0.113
   0.123
   0.113
   0.123
   0.123
   0.113
   0.123
   0.123
   0.113
   0.123
   0.113
   0.123
   0.123
   0.113
   0.123
   0.123
   0.113
   0.123
   0.113
   0.123
   0.123
   0.113
   0.123
   0.113
   0.123
   0.123
   0.113
   0.123
   0.123
   0.113
   0.123
   0.113
   0.123
   0.123
   0.113
   0.123
   0.123
   0.113
   0.123
   0.113
   0.123
   0.123
   0.113
   0.123
   0.123
   0.113
   0.123
   0.113
   0.123
   0.123
   0.113
   0.123
   0.113
   0.123
   0.123
   0.113
   0.123
   0.113
   0.123
   0.123
   0.113
   0.123
   0.123
   0.113
   0.123
   0.123
   0.113
   0.123
   0.113
   0.123
   0.123
   0.113
   0.123
   0.113
   0.123
   0.123
   0.113
   0.123
   0.113
   0.123
   0.123
   0.113
   0.123
   0.113
   0.123
   0.123
   0.113
   0.123
   0.123
   0.113
   0.123
   0.123
   0.113
   0.123
   0.113
   0.123
   0.123
   0.113
   0.123
   0.113
   0.123
   0.123
   0.113
   0.123
   0.113
   0.123
   0.123
   0.113
   0.123
   0.123
   0.113
   0.123
   0.113
   0.123
   0.123
   0.113
   0.123
   0.113
   0.123
   0.123
   0.113
   0.123
   0.113
   0.123
   0.123
   0.113
   0.123
   0.123
   0.113
   0.123
   0.113
   0.123
   0.123
   0.113
   0.123
   0.113
   0.123
   0.123
   0.113
   0.123
   0.123
   0.113
   0.123
   0.113
   0.123
   0.123
   0.113
   0.123
   0.113
   0.123
   0.123
   0.113
   0.123
   0.113
   0.123
   0.123
   0.113
   0.123
   0.113
   0.123
   0.123
   0.113
   0.123
   0.113
   0.123
   0.123
   0.113
   0.123
   0.113
   0.123
   0.123
   0.113
   0.123
   0.123
   0.113
   0.123
   0.113
   0.123
   0.123
   0.113
   0.123
   0.113
   0.123
   0.123
   0.113
   0.123
   0.113
   0.123
   0.123
   0.113
   0.123
   0.123
   0.113
   0.123
   0.113
   0.123
   0.123
   0.113
   0.123
   0.113
   0.123
   0.123
   0.113
   0.123
   0.113
   0.123
   0.123
   0.113
   0.123
   0.113
   0.123
   0.123
   0.113
   0.123
   0.113
   0.123
   0.123
   0.113
   0.123
   0.123
   0.113
   0.123
   0.113
   0.123
   0.123
   0.113
   0.123
   0.113
   0.123
   0.123
   0.113
   0.123
   0.113
   0.123
   0.123
   0.113
   0.123
   0.113
   0.123
   0.123
   0.113
   0.123
   0.123
   0.113
   0.123
   0.113
   0.123
   0.123
   0.113
   0.123
   0.123
   0.113
   0.123
   0.113
   0.123
   0.123
   0.113
   0.123
   0.113
   0.123
   0.123
   0.113
   0.123
   0.113
   0.123
   0.123
   0.113
   0.123
   0.123
   0.113
   0.123
   0.113
   0.123
   0.123
   0.113
   0.123
   0.123
   0.113
   0.123
   0.113
   0.123
   0.123
   0.113
   0.123
   0.113
   0.123
   0.123
   0.113
   0.123
   0.113
   0.123
   0.113
   0.123
   0.123
   0.113
   0.123
   0.113
   0.123
   0.123
   0.113
   0.123
   0.123
   0.113
   0.123
   0.113
   0.123
   0.123
   0.113
   0.123
   0.113
   0.123
   0.123
   0.113
   0.123
   0.123
   0.113
   0.123
   0.113
   0.123
   0.113
   0.113
   0.123
   0.113
   0.123
   0.113
   0.123
   0.113
   0.123
   0.113
   0.123
   0.113
   0.123
   0.113
   0.123
   0.113
   0.123
   0.113
   0.123
   0.113
   0.123
   0.113
   0.113
   0.123
   0.113
   0.123
   0.113
   0.123
   0.113
   0.123
   0.113
   0.123
   0.113
   0.123
   0.113
   0.123
   0.113
   0.113
   0.123
   0.113
   0.123
   0.113
   0.123
   0.113
   0.123
   0.113
   0.123
   0.113
   0.123
   0.113
   0.123
   0.113
   0.113
   0.123
   0.113
   0.123
   0.113
   0.123
   0.113
   0.123
   0.113
   0.123
   0.113
   0.123
   0.113
   0.123
   0.113
   0.123
   0.113
   0.123
   0.113
   0.123
   0.113
   0.123
   0.113
   0.123
   0.113
   0.123
   0.113
   0.113
   0.123
   0.113
   0.123
   0.113
   0.123
   0.113
   0.123
   0.113
   0.123
   0.113
   0.123
   0.113
   0.123
   0.113
   0.123
   0.113
   0.123
   0.113
   0.123
   0.113
   0.113
   0.123
   0.113
   0.123
   0.113
   0.123
   0.113
   0.123
   0.113
   0.123
   0.113
   0.123
   0.113
   0.123
   0.113
   0.123
   0.113
   0.123
   0.113
   0.123
   0.113
   0.113
   0.123
   0.123
   0.113
   0.113
   0.123
   0.113
   0.123
   0.113
   0.123
   0.113
   0.123
   0.113
   0.123
   0.113
   0.113
   0.123
   0.123
   0.113
   0.123
   0.113
   0.113
   0.123
   0.113
   0.123
   0.113
   0.123
   0.113
   0.123
   0.113
   0.123
   0.113
   0.113
   0.123
   0.123
   0.113
   0.123
   0.113
   0.123
   0.113
   0.113
   0.123
   0.113
   0.123
   0.113
   0.123
   0.113
   0.123
   0.113
   0.123
   0.113
   0.123
   0.113
   0.123
   0.113
   0.123
   0.113
   0.113
   0.123
   0.113
   0.123
   0.113
   0.123
   0.113
   0.123
   0.113
   0.123
   0.113
   0.123
   0.113
   0.123
   0.113
   0.123
   0.113
   0.113
   0.123
   0.113
   0.123
   0.113
   0.123
   0.113
   0.123
   0.113
   0.123
   0.113
   0.123
   0.113
   0.123
   0.113
   0.113
   0.123
   0.113
   0.123
   0.113
   0.123
   0.113
   0.123
   0.113
   0.123
   0.113
   0.113
   0.123
   0.113
   0.123
   0.113
   0.123
   0.113
   0.123
   0.113
   0.123
   0.113
   0.113
   0.123
   0.123
   0.113
   0.113
   0.123
   0.113
   0.123
   0.113
   0.123
   0.113
   0.123
   0.113
   0.113
   0.123
   0.113
   0.123
   0.113
   0.123
   0.113
   0.123
   0.113
   0.123
   0.113
   0.123
   0.113
   0.123
   0.113
   0.123
   0.113
   0.123
   0.113
   0.113
   0.123
   0.123
   0.113
   0.123
   0.113
   0.123
   0.113
   0.123
   0.113
   0.113
   0.123
   0.113
   0.123
   0.113
   0.123
   0.113
   0.123
   0.113
   0.123
   0.113
   0.123
   0.113
   0.123
   0.113
   0.123
   0.113
   0.113
   0.123
   0.113
   0.123
   0.113
   0.123
   0.113
   0.123
   0.113
   0.123
   0.113
   0.123
   0.113
   0.123
   0.113
   0.123
   0.113
   0.113
   0.123
   0.113
   0.123
   0.113
   0.123
   0.113
   0.123
   0.113
   0.123
   0.113
   0.123
   0.113
   0.123
   0.113
   0.123
   0.113
   0.113
   0.123
   0.113
   0.123
   0.113
   0.123
   0.113
   0.123
   0.113
   0.123
   0.113
   0.123
   0.113
   0.113
   0.123
   0.113
   0.123
   0.113
   0.123
   0.113
   0.123
   0.113
   0.123
   0.113
   0.123
   0.113
   0.113
   0.123
   0.113
   0.123
   0.113
   0.123
   0.113
   0.123
   0.113
   0.123
   0.113
   0.123
   0.113
   0.123
   0.113
   0.123
   0.113
   0.113
   0.123
   0.113
   0.123
   0.113
   0.123
   0.113
   0.123
   0.113
   0.123
   0.113
   0.123
   0.113
   0.123
   0.113
   0.123
   0.113
   0.113
   0.123
   0.113
   0.123
   0.113
   0.123
   0.113
   0.123
   0.113
   0.123
   0.113
   0.123
   0.113
   0.113
   0.123
   0.113
   0.123
   0.113
   0.123
   0.113
   0.123
   0.113
   0.123
   0.113
   0.123
   0.113
   0.123
   0.113
   0.113
   0.123
   0.113
   0.123
   0.113
   0.123
   0.113
   0.123
   0.113
   0.113
   0.123
   0.113
   0.123
   0.113
   0.123
   0.113
   0.123
   0.113
   0.123
   0.113
   0.123
   0.113
   0.113
   0.123
   0.113
   0.123
   0.113
   0.123
   0.113
   0.123
   0.113
   0.123
   0.113
   0.123
   0.113
   0.123
   0.113
   0.123
   0.113
   0.123
   0.113
   0.113
   0.123
   0.113
   0.123
   0.123
   0.113
   0.123
   0.113
   0.123
   0.113
   0.123
   0.113
   0.113
   0.123
   0.113
   0.123
   0.113
