 0.080000000000000002
 0.080000000000000002
 0.080000000000000002
 0.080000000000000002
 0.080000000000000002
 0.080000000000000002
 0.080000000000000002
 0.080000000000000002
 0.080000000000000002
 0.080000000000000002
 0.080000000000000002
 0.080000000000000002
 0.080000000000000002
 0.080000000000000002
 0.080000000000000002
 0.080000000000000002
 0.080000000000000002
 0.070000000000000007
 0.070000000000000007
 0.080000000000000002
 0.080000000000000002
 0.080000000000000002
 0.080000000000000002
 0.080000000000000002
 0.080000000000000002
 0.080000000000000002
 0.080000000000000002
 0.080000000000000002
 0.080000000000000002
 0.080000000000000002
 0.080000000000000002
 0.080000000000000002
 0.080000000000000002
 0.080000000000000002
 0.080000000000000002
 0.080000000000000002
 0.080000000000000002
 0.080000000000000002
 0.080000000000000002
 0.080000000000000002
 0.080000000000000002
 0.080000000000000002
 0.080000000000000002
 0.080000000000000002
 0.080000000000000002
 0.080000000000000002
 0.080000000000000002
 0.080000000000000002
 0.17000000000000001
 0.98999999999999999
 0.98999999999999999
 0.97999999999999998
 0.97999999999999998
 0.97999999999999998
 0.97999999999999998
 0.97999999999999998
 0.97999999999999998
 0.97999999999999998
 0.97999999999999998
 0.56000000000000005
 0.38
 0.26000000000000001
 0.23000000000000001
 0.20999999999999999
 0.20000000000000001
 0.20000000000000001
 0.20000000000000001
 0.20000000000000001
 0.20000000000000001
 0.19
 0.17999999999999999
 0.17999999999999999
 0.17999999999999999
 0.17999999999999999
 0.12
 0.089999999999999997
 0.089999999999999997
 0.089999999999999997
 0.089999999999999997
 0.28999999999999998
 0.39000000000000001
 0.26000000000000001
 0.20999999999999999
 1.3999999999999999
 1.6899999999999999
 0.96999999999999997
 0.88
 0.82999999999999996
 0.81999999999999995
 0.90000000000000002
 0.92000000000000004
 0.40999999999999998
 0.20000000000000001
 0.77000000000000002
 0.93000000000000005
 0.88
 0.87
 0.84999999999999998
 0.83999999999999997
 0.83999999999999997
 0.83999999999999997
 0.87
 0.87
 0.87
 0.87
 0.46000000000000002
 0.19
 0.22
 0.25
 0.59999999999999998
 0.88
 0.83999999999999997
 0.80000000000000004
 0.85999999999999999
 0.92000000000000004
 0.96999999999999997
 1.02
 1.0600000000000001
 1.0900000000000001
 1.1599999999999999
 1.2
 0.68999999999999995
 0.17999999999999999
 0.28000000000000003
 0.34999999999999998
 0.81000000000000005
 1.04
 1.21
 1.26
 1.29
 1.3
 1.2
 1.21
 1.3799999999999999
 1.3999999999999999
 1.49
 1.3600000000000001
 0.17999999999999999
 0.17999999999999999
 0.17999999999999999
 0.39000000000000001
 1.24
 1.28
 1.3700000000000001
 1.5
 1.71
 1.6000000000000001
 1.51
 1.5600000000000001
 1.5700000000000001
 1.6699999999999999
 1.6899999999999999
 1.55
 1.55
 0.47999999999999998
 0.17000000000000001
 2
 1.96
 1.6299999999999999
 1.6299999999999999
 1.6399999999999999
 1.77
 1.8899999999999999
 1.8100000000000001
 1.75
 1.71
 1.7
 1.79
 1.79
 0.5
 0.17000000000000001
 0.22
 0.23000000000000001
 1.8100000000000001
 1.8200000000000001
 1.97
 1.9299999999999999
 1.8300000000000001
 2.1299999999999999
 2.3599999999999999
 2.0099999999999998
 1.9099999999999999
 2.0800000000000001
 2.0699999999999998
 1.95
 1.95
 0.34999999999999998
 0.44
 3.1000000000000001
 2.8799999999999999
 2.3599999999999999
 2.0499999999999998
 1.8
 2.1499999999999999
 2.2400000000000002
 1.8899999999999999
 1.8999999999999999
 2.3599999999999999
 2.2599999999999998
 2.1000000000000001
 2.1000000000000001
 2.1000000000000001
 1.8799999999999999
 0.14000000000000001
 0.84999999999999998
 2.27
 2.2000000000000002
 2.1499999999999999
 2.3199999999999998
 2.3599999999999999
 2.3300000000000001
 2.1800000000000002
 1.8200000000000001
 2.1899999999999999
 2.5600000000000001
 2.1499999999999999
 2.0299999999999998
 1.0900000000000001
 0.14000000000000001
 1.7
 2.3700000000000001
 2.6000000000000001
 2.5499999999999998
 2.2599999999999998
 2.3999999999999999
 2.6299999999999999
 2.0899999999999999
 1.8300000000000001
 2.5299999999999998
 2.5699999999999998
 2.23
 2.27
 2.3700000000000001
 2.1499999999999999
 0.14000000000000001
 0.88
 2.6200000000000001
 2.4300000000000002
 2.23
 2.1000000000000001
 2.0699999999999998
 2.0800000000000001
 2.1400000000000001
 2.3799999999999999
 2.2799999999999998
 2.1499999999999999
 2.3999999999999999
 2.5099999999999998
 2.5099999999999998
 2.2799999999999998
 0.16
 1.02
 3.0299999999999998
 2.7599999999999998
 2.5499999999999998
 2.27
 2.1899999999999999
 2.4900000000000002
 2.3999999999999999
 2.0899999999999999
 2.3399999999999999
 2.6400000000000001
 2.2599999999999998
 2.1000000000000001
 2.1000000000000001
 1.72
 0.17000000000000001
 1.22
 2.7999999999999998
 2.5899999999999999
 2.46
 2.3300000000000001
 2.2999999999999998
 2.1899999999999999
 2.2000000000000002
 2.2200000000000002
 2.25
 2.2799999999999998
 2.1899999999999999
 2.1600000000000001
 2.1600000000000001
 1.5600000000000001
 0.16
 1.6799999999999999
 3.1899999999999999
 2.7799999999999998
 2.6000000000000001
 2.2400000000000002
 2.2400000000000002
 2.2400000000000002
 2.1600000000000001
 2.0600000000000001
 2.2400000000000002
 2.3300000000000001
 2.4700000000000002
 2.48
 2.48
 1.1100000000000001
 0.19
 2.6000000000000001
 3.2000000000000002
 2.5600000000000001
 2.3199999999999998
 1.77
 2.1299999999999999
 2.4900000000000002
 2.1299999999999999
 2.0299999999999998
 2.5899999999999999
 2.52
 2.2400000000000002
 2.1299999999999999
 2
 1.6299999999999999
 0.14000000000000001
 1.3500000000000001
 3.1600000000000001
 2.54
 2.1299999999999999
 1.8400000000000001
 1.8700000000000001
 2.4300000000000002
 2.3100000000000001
 2.0600000000000001
 2.27
 2.4300000000000002
 2.0800000000000001
 1.9199999999999999
 0.87
 0.16
 0.16
 0.14000000000000001
 1.52
 2.6299999999999999
 2.29
 2.21
 2.29
 2.2999999999999998
 2.3300000000000001
 2.2200000000000002
 2.1000000000000001
 2.3199999999999998
 2.4100000000000001
 2.2400000000000002
 2.2400000000000002
 0.60999999999999999
 0.14000000000000001
 1.1899999999999999
 1.4299999999999999
 2.4399999999999999
 2.2400000000000002
 1.9299999999999999
 2.3300000000000001
 2.6000000000000001
 2.0699999999999998
 2.0299999999999998
 2.8500000000000001
 2.5899999999999999
 1.98
 2.2000000000000002
 2.3700000000000001
 1.7
 0.14000000000000001
 1.76
 3.3900000000000001
 2.46
 2.0699999999999998
 2.21
 2.2400000000000002
 2.3399999999999999
 2.2799999999999998
 2.21
 2.1299999999999999
 2.1000000000000001
 1.96
 1.95
 1.3200000000000001
 0.37
 0.34999999999999998
 0.14000000000000001
 0.69999999999999996
 1.8300000000000001
 2.21
 2.4700000000000002
 2.3399999999999999
 2.3100000000000001
 2.23
 2.3100000000000001
 2.48
 2.27
 2.0600000000000001
 2.4900000000000002
 2.6099999999999999
 1.3799999999999999
 0.14000000000000001
 1.8400000000000001
 2.5699999999999998
 2.77
 2.6099999999999999
 1.8899999999999999
 1.97
 2.0899999999999999
 2.2200000000000002
 2.2799999999999998
 2
 1.96
 1.6100000000000001
 1.72
 2.1099999999999999
 2.1099999999999999
 0.33000000000000002
 0.75
 3.2000000000000002
 2.8100000000000001
 2.23
 2.21
 2.2000000000000002
 2.6299999999999999
 2.6099999999999999
 2.0299999999999998
 2.0800000000000001
 2.1699999999999999
 2.1099999999999999
 2.0600000000000001
 1.49
 0.14000000000000001
 0.14999999999999999
 0.17000000000000001
 0.73999999999999999
 1.8799999999999999
 2.3799999999999999
 2.7200000000000002
 2.3199999999999998
 2.2200000000000002
 2.52
 2.3900000000000001
 2.0699999999999998
 2.2200000000000002
 2.3599999999999999
 2.2799999999999998
 2.25
 1.0800000000000001
 0.14999999999999999
 2.1200000000000001
 2.6200000000000001
 2.5699999999999998
 2.3700000000000001
 1.8999999999999999
 2.1400000000000001
 2.3900000000000001
 2.3900000000000001
 2.3799999999999999
 2.04
 2.1400000000000001
 2.5499999999999998
 2.1899999999999999
 1.75
 1.75
 0.14000000000000001
 0.93999999999999995
 2.8199999999999998
 2.46
 2.0899999999999999
 2.4500000000000002
 2.6099999999999999
 1.9399999999999999
 1.98
 2.1699999999999999
 2.2000000000000002
 2.25
 2.1499999999999999
 2.1000000000000001
 1.3100000000000001
 0.14000000000000001
 0.14999999999999999
 0.17000000000000001
 1.03
 2.1099999999999999
 2.3599999999999999
 2.46
 2.04
 2.0299999999999998
 2.3100000000000001
 2.4399999999999999
 2.6400000000000001
 2.1200000000000001
 1.5900000000000001
 2.3300000000000001
 2.6400000000000001
 2.4500000000000002
 2.4300000000000002
 2.3500000000000001
 2.2799999999999998
 2.1800000000000002
 2.3300000000000001
 2.4100000000000001
 2.1600000000000001
 2.1200000000000001
 1.98
 1.78
 0.96999999999999997
 1.1000000000000001
 1.4199999999999999
 1.78
 2.1299999999999999
 2.3700000000000001
 2.4399999999999999
 2.0899999999999999
 2.1299999999999999
 2.2999999999999998
 2.2799999999999998
 2.27
 2.5800000000000001
 2.71
 2.3599999999999999
 2.3199999999999998
 0.93999999999999995
 1.3200000000000001
 2.8199999999999998
 2.46
 1.9299999999999999
 1.8799999999999999
 1.8500000000000001
 1.3
 0.93999999999999995
 2.46
 2.8300000000000001
 1.9199999999999999
 2.0099999999999998
 2.23
 2.21
 2.1899999999999999
 2.3900000000000001
 2.4399999999999999
 2.3399999999999999
 2.25
 2.0499999999999998
 2.1000000000000001
 2.1400000000000001
 1.7
 1.52
 1.3300000000000001
 1.28
 1.28
 1.3
 1.49
 1.52
 1.6100000000000001
 1.6200000000000001
 1.6299999999999999
 1.6200000000000001
 1.6100000000000001
 1.53
 1.47
 1.3899999999999999
 1.3600000000000001
 1.3200000000000001
 1.3200000000000001
 1.4299999999999999
 1.4199999999999999
 1.3400000000000001
 1.3300000000000001
 1.3100000000000001
 1.3400000000000001
 1.3899999999999999
 1.3600000000000001
 1.3400000000000001
 1.3400000000000001
 1.3400000000000001
 1.3799999999999999
 1.3899999999999999
 1.3400000000000001
 1.3400000000000001
 1.29
 1.3
 1.3200000000000001
 1.3300000000000001
 1.3400000000000001
 1.3300000000000001
 1.3100000000000001
 1.29
 1.28
 1.3
 1.3100000000000001
 1.3200000000000001
 1.3200000000000001
 1.3
 1.3
 1.28
 1.28
 1.3100000000000001
 1.3100000000000001
 1.3100000000000001
 1.3
 1.29
 1.28
 1.27
 1.29
 1.29
 1.3100000000000001
 1.3100000000000001
 1.29
 1.29
 1.27
 1.28
 1.3
 1.3100000000000001
 1.3200000000000001
 1.3100000000000001
 1.3100000000000001
 1.29
 1.28
 1.3
 1.3
 2.75
 2.6200000000000001
 1.46
 1.46
 1.47
 1.49
 1.51
 1.5
 1.49
 1.5
 1.51
 1.51
 1.51
 1.48
 1.48
 1.5
 1.5
 1.47
 1.47
 1.48
 1.3200000000000001
 0.93999999999999995
 1.0600000000000001
 1.26
 1.28
 1.29
 1.3100000000000001
 1.3200000000000001
 1.3100000000000001
 1.3
 1.3
 1.3
 1.28
 1.29
 1.3100000000000001
 1.3100000000000001
 1.3100000000000001
 1.3100000000000001
 1.3100000000000001
 1.3100000000000001
 1.3100000000000001
 1.3300000000000001
 1.3400000000000001
 1.3200000000000001
 1.3200000000000001
 1.3100000000000001
 1.3100000000000001
 1.3200000000000001
 1.3200000000000001
 1.3100000000000001
 1.3100000000000001
 1.3
 1.29
 1.29
 1.29
 1.3
 1.29
 1.28
 1.28
 1.28
 1.29
 1.29
 1.3
 1.3
 1.3
 1.3
 1.29
 1.3
 1.3100000000000001
 1.3200000000000001
 1.3200000000000001
 1.3200000000000001
 1.3200000000000001
 1.3200000000000001
 1.3200000000000001
 1.3300000000000001
 1.3300000000000001
 1.3300000000000001
 1.3200000000000001
 1.3100000000000001
 1.3100000000000001
 1.3100000000000001
 1.3100000000000001
 1.3100000000000001
 1.3
 1.29
 1.28
 1.28
 1.29
 1.5600000000000001
 2.6800000000000002
 2.4300000000000002
 1.4199999999999999
 1.3799999999999999
 1.29
 1.3300000000000001
 1.3600000000000001
 1.3400000000000001
 1.3200000000000001
 1.53
 1.6200000000000001
 1.6299999999999999
 1.6299999999999999
 1.4099999999999999
 1.4099999999999999
 0.41999999999999998
 0.17000000000000001
 0.16
 0.16
 1.1499999999999999
 1.4299999999999999
 1.3200000000000001
 1.3
 1.5600000000000001
 1.6399999999999999
 1.9299999999999999
 1.99
 2.0600000000000001
 2.1600000000000001
 2.2000000000000002
 1.8300000000000001
 1.78
 0.69999999999999996
 0.16
 2.5899999999999999
 2.7799999999999998
 2.1600000000000001
 2.0299999999999998
 1.8400000000000001
 1.9399999999999999
 2.0099999999999998
 2.0099999999999998
 2.0099999999999998
 2.1499999999999999
 2.1200000000000001
 2.0099999999999998
 2.0099999999999998
 2.0099999999999998
 0.78000000000000003
 0.17000000000000001
 2.4300000000000002
 2.6400000000000001
 2.3199999999999998
 2.3300000000000001
 2.3399999999999999
 2.2599999999999998
 2.2000000000000002
 2.3900000000000001
 2.4399999999999999
 2.46
 2.3799999999999999
 2.2000000000000002
 2.2000000000000002
 2.2000000000000002
 0.19
 0.71999999999999997
 2.8300000000000001
 2.5
 2.0800000000000001
 2.0699999999999998
 2.0699999999999998
 2.1099999999999999
 2.1099999999999999
 2.0899999999999999
 2.0699999999999998
 2.0099999999999998
 2.1499999999999999
 2.2999999999999998
 1.8999999999999999
 0.5
 0.5
 0.16
 0.93999999999999995
 2.75
 2.3199999999999998
 1.8999999999999999
 1.98
 2
 2.0800000000000001
 2.0800000000000001
 2.0600000000000001
 2.0299999999999998
 1.97
 1.96
 1.96
 1.24
 0.16
 0.81999999999999995
 1.47
 2.02
 2.1800000000000002
 2.3500000000000001
 2.3199999999999998
 2.2000000000000002
 2.5299999999999998
 2.9500000000000002
 2.9399999999999999
 2.9399999999999999
 2.5299999999999998
 2.4900000000000002
 2.48
 2.48
 0.17000000000000001
 0.56999999999999995
 2.2000000000000002
 2.1899999999999999
 2.1699999999999999
 2.1499999999999999
 2.1499999999999999
 2.4300000000000002
 2.48
 2.5499999999999998
 2.4199999999999999
 2.2400000000000002
 2.0899999999999999
 2
 1.6299999999999999
 1.47
 0.88
 0.14000000000000001
 1.74
 2.4300000000000002
 2.1099999999999999
 2.1499999999999999
 2.75
 2.8799999999999999
 3.0899999999999999
 2.5099999999999998
 2.1200000000000001
 2.5800000000000001
 2.6400000000000001
 0.73999999999999999
 0.20000000000000001
 3.5600000000000001
 3.54
 3.5099999999999998
 3.21
 2.9100000000000001
 3.3100000000000001
 3.48
 3.4399999999999999
 3.2400000000000002
 2.48
 2.5499999999999998
 2.6499999999999999
 1.9199999999999999
 0.20000000000000001
 0.23000000000000001
 0.28000000000000003
 1.6200000000000001
 2.5099999999999998
 2.2000000000000002
 2.1200000000000001
 2.21
 2.4100000000000001
 2.8799999999999999
 2.5600000000000001
 2.2400000000000002
 2.7599999999999998
 2.9100000000000001
 2.6499999999999999
 2.6499999999999999
 0.64000000000000001
 0.14000000000000001
 2.8100000000000001
 2.79
 2.75
 2.6499999999999999
 2.5499999999999998
 2.5
 2.48
 2.4500000000000002
 2.4399999999999999
 2.3900000000000001
 2.3999999999999999
 2.4199999999999999
 2.3700000000000001
 2.3399999999999999
 1.24
 0.14000000000000001
 1.75
 2.4399999999999999
 2.3900000000000001
 2.3599999999999999
 2.23
 2.2400000000000002
 2.2599999999999998
 2.54
 2.6800000000000002
 2.5
 2.52
 2.8399999999999999
 2.8399999999999999
 2.8399999999999999
 1.23
 0.16
 2.27
 2.8100000000000001
 2.8399999999999999
 2.6899999999999999
 2.3300000000000001
 2.6699999999999999
 3.02
 2.7200000000000002
 2.6299999999999999
 2.5299999999999998
 2.6699999999999999
 3.1699999999999999
 3.1699999999999999
 3.1699999999999999
 1.0700000000000001
 0.16
 2.6400000000000001
 2.8500000000000001
 2.6200000000000001
 2.6800000000000002
 2.7799999999999998
 2.8700000000000001
 2.9199999999999999
 3.1600000000000001
 3.1800000000000002
 3.1000000000000001
 3.1200000000000001
 3.1800000000000002
 3.1800000000000002
 3.1800000000000002
 0.19
 0.76000000000000001
 2.75
 3.1800000000000002
 3.6000000000000001
 2.9500000000000002
 2.6699999999999999
 2.7599999999999998
 2.71
 2.4500000000000002
 2.46
 2.48
 2.3799999999999999
 2.3300000000000001
 2.0499999999999998
 2.02
 0.89000000000000001
 0.13
 1.99
 2.4700000000000002
 2.5899999999999999
 2.5699999999999998
 2.5299999999999998
 2.5
 2.46
 2.3500000000000001
 2.3100000000000001
 2.5099999999999998
 2.54
 2.6499999999999999
 2.6499999999999999
 0.14999999999999999
 0.14999999999999999
 0.14999999999999999
 0.14999999999999999
 2.8799999999999999
 2.8399999999999999
 2.7000000000000002
 2.7200000000000002
 2.75
 3.0800000000000001
 3.23
 2.9300000000000002
 2.9199999999999999
 3.02
 3.1400000000000001
 3.3199999999999998
 2.4300000000000002
 1.0900000000000001
 1.0900000000000001
 1.0900000000000001
 2.02
 2.48
 2.77
 2.8300000000000001
 3.0099999999999998
 2.9700000000000002
 2.9100000000000001
 2.9399999999999999
 2.96
 2.6299999999999999
 2.54
 2.52
 2.3599999999999999
 0.93999999999999995
 0.93999999999999995
 0.94999999999999996
 1.6000000000000001
 2.8900000000000001
 2.4500000000000002
 2.1499999999999999
 2.4300000000000002
 2.4900000000000002
 2.3599999999999999
 2.3700000000000001
 2.3700000000000001
 2.3300000000000001
 2.2799999999999998
 2.0800000000000001
 2.02
 2.1699999999999999
 2.1299999999999999
 1.8200000000000001
 1.73
 1.4399999999999999
 1.6000000000000001
 1.75
 1.8999999999999999
 1.99
 2.1899999999999999
 2.1699999999999999
 1.8400000000000001
 1.8500000000000001
 1.8500000000000001
 1.8200000000000001
 1.79
 1.6899999999999999
 1.6200000000000001
 1.3700000000000001
 1.26
 1.28
 1.29
 1.5700000000000001
 1.53
 1.22
 1.29
 1.51
 1.4099999999999999
 1.2
 1.3400000000000001
 1.49
 1.3899999999999999
 1.3300000000000001
 1.26
 1.25
 1.29
 1.3
 1.3899999999999999
 1.3899999999999999
 1.3400000000000001
 1.3100000000000001
 1.25
 1.27
 1.3
 1.3500000000000001
 1.3999999999999999
 1.3600000000000001
 1.3400000000000001
 1.28
 1.26
 1.3
 1.3100000000000001
 1.3999999999999999
 1.3899999999999999
 1.3400000000000001
 1.3100000000000001
 1.25
 1.27
 1.29
 1.3400000000000001
 1.3799999999999999
 1.3400000000000001
 1.3300000000000001
 1.26
 1.25
 1.28
 1.29
 1.3799999999999999
 1.3600000000000001
 1.3200000000000001
 1.29
 1.23
 1.25
 1.27
 1.3300000000000001
 1.3700000000000001
 2.71
 3.0499999999999998
 1.5
 1.5
 1.55
 1.54
 1.52
 1.53
 1.5700000000000001
 1.54
 1.52
 1.53
 1.53
 1.53
 1.52
 1.51
 1.51
 1.55
 1.55
 1.0600000000000001
 1.3999999999999999
 2.6000000000000001
 2.2200000000000002
 1.8500000000000001
 1.5
 1.1499999999999999
 1.26
 1.3100000000000001
 1.6100000000000001
 1.6899999999999999
 1.5800000000000001
 1.5600000000000001
 1.6200000000000001
 1.5700000000000001
 1.3799999999999999
 1.3799999999999999
 0.14999999999999999
 0.14999999999999999
 0.14000000000000001
 0.14000000000000001
 1.1899999999999999
 1.45
 1.3600000000000001
 1.3799999999999999
 1.5700000000000001
 1.5900000000000001
 1.6499999999999999
 1.77
 1.9099999999999999
 1.8799999999999999
 1.8600000000000001
 1.3600000000000001
 1.02
 0.76000000000000001
 0.14000000000000001
 1.25
 2.1400000000000001
 1.8799999999999999
 1.8100000000000001
 1.5600000000000001
 1.5700000000000001
 1.8100000000000001
 1.6899999999999999
 1.3999999999999999
 1.46
 1.52
 1.53
 1.54
 0.93000000000000005
 0.16
 0.93000000000000005
 1.45
 1.8999999999999999
 2.02
 1.6599999999999999
 1.71
 1.9299999999999999
 1.9199999999999999
 1.8999999999999999
 2.23
 2.3900000000000001
 2.7599999999999998
 2.73
 2.1400000000000001
 2.1400000000000001
 0.35999999999999999
 0.68999999999999995
 2.8100000000000001
 2.3900000000000001
 1.76
 1.77
 1.79
 1.8700000000000001
 1.8999999999999999
 1.8999999999999999
 1.8999999999999999
 1.9299999999999999
 1.8600000000000001
 1.71
 1.4099999999999999
 0.17000000000000001
 0.17000000000000001
 0.16
 0.54000000000000004
 1.8999999999999999
 1.8600000000000001
 1.8
 1.99
 2.1200000000000001
 2.1899999999999999
 2.1899999999999999
 2.0299999999999998
 1.98
 1.8799999999999999
 1.9299999999999999
 2.0099999999999998
 1.5900000000000001
 0.14000000000000001
 1.3100000000000001
 2.48
 2.5600000000000001
 2.5899999999999999
 2.4199999999999999
 2.4300000000000002
 2.54
 2.5600000000000001
 2.5899999999999999
 2.6899999999999999
 2.7400000000000002
 2.77
 2.77
 1.1899999999999999
 0.14000000000000001
 0.14999999999999999
 0.17000000000000001
 1.6100000000000001
 2.3300000000000001
 2.4700000000000002
 2.48
 2.4399999999999999
 2.5699999999999998
 2.8300000000000001
 2.52
 2.3100000000000001
 2.4900000000000002
 2.54
 2.5600000000000001
 2.5600000000000001
 0.67000000000000004
 0.14000000000000001
 2.9700000000000002
 2.8700000000000001
 2.52
 2.48
 2.4300000000000002
 2.25
 2.1800000000000002
 2.5899999999999999
 2.6400000000000001
 2.6299999999999999
 2.6299999999999999
 2.6099999999999999
 1.98
 1.3500000000000001
 1.0800000000000001
 0.14000000000000001
 2.1600000000000001
 3.77
 2.8199999999999998
 2.5800000000000001
 2.2799999999999998
 2.4300000000000002
 2.7799999999999998
 2.8199999999999998
 2.8599999999999999
 2.3199999999999998
 2.0899999999999999
 2.4100000000000001
 2.4100000000000001
 0.59999999999999998
 0.14000000000000001
 0.16
 0.17999999999999999
 1.8
 2.1899999999999999
 2.1299999999999999
 2.02
 0.98999999999999999
 1.54
 2.6200000000000001
 2.98
 3.2599999999999998
 2.8799999999999999
 2.7799999999999998
 2.7999999999999998
 2.8300000000000001
 2.9100000000000001
 2.73
 2.54
 2.5800000000000001
 2.5899999999999999
 2.4199999999999999
 2.4199999999999999
 0.96999999999999997
 1.47
 3.23
 3.0899999999999999
 2.9199999999999999
 2.73
 2.6499999999999999
 2.3100000000000001
 2.3500000000000001
 2.6699999999999999
 2.6699999999999999
 2.6699999999999999
 2.6099999999999999
 2.5800000000000001
 1.49
 0.94999999999999996
 0.95999999999999996
 0.95999999999999996
 3.1800000000000002
 3.3100000000000001
 2.3500000000000001
 2.2000000000000002
 1.98
 2.1899999999999999
 2.3300000000000001
 2.1499999999999999
 2.1200000000000001
 2.0299999999999998
 1.99
 1.8799999999999999
 2.2000000000000002
 2.46
 2.0800000000000001
 1.8799999999999999
 1.3799999999999999
 1.25
 2.0899999999999999
 1.96
 1.4199999999999999
 1.3600000000000001
 1.23
 1.28
 1.3400000000000001
 1.3400000000000001
 1.3400000000000001
 1.47
 1.53
 1.73
 1.76
 1.8899999999999999
 1.77
 1.3
 1.3100000000000001
 1.3200000000000001
 1.54
 1.72
 1.4299999999999999
 1.28
 1.53
 1.5900000000000001
 1.29
 1.29
 1.54
 1.5
 1.3400000000000001
 1.3200000000000001
 1.26
 1.29
 1.3200000000000001
 1.3799999999999999
 1.4099999999999999
 1.3700000000000001
 1.3600000000000001
 1.3
 1.28
 1.3400000000000001
 1.3500000000000001
 1.4199999999999999
 1.3999999999999999
 1.3600000000000001
 1.3300000000000001
 1.28
 1.3
 1.3300000000000001
 1.3700000000000001
 1.3999999999999999
 1.3600000000000001
 1.3500000000000001
 1.28
 1.28
 1.3100000000000001
 1.3200000000000001
 1.3999999999999999
 1.3899999999999999
 1.3500000000000001
 1.3200000000000001
 1.27
 1.29
 1.3100000000000001
 1.3600000000000001
 1.3899999999999999
 1.3600000000000001
 1.3500000000000001
 1.27
 1.26
 1.3
 1.3600000000000001
 1.5800000000000001
 1.6100000000000001
 1.6599999999999999
 1.6000000000000001
 1.5
 1.53
 1.54
 1.52
 1.51
 1.54
 1.55
 1.52
 1.51
 1.5
 1.51
 1.53
 1.51
 1.49
 1.51
 1.53
 1.24
 0.93999999999999995
 1.1299999999999999
 1.25
 1.3100000000000001
 1.3300000000000001
 1.6000000000000001
 1.6699999999999999
 2.0099999999999998
 2.1400000000000001
 2.3999999999999999
 2.2200000000000002
 2.1000000000000001
 1.8999999999999999
 1.8600000000000001
 1.8600000000000001
 1.8500000000000001
 1.8200000000000001
 1.8
 1.76
 1.78
 1.8
 1.8
 1.8
 1.8100000000000001
 1.8200000000000001
 1.8300000000000001
 1.8100000000000001
 1.75
 1.76
 1.78
 1.79
 1.79
 1.8100000000000001
 1.8100000000000001
 1.8400000000000001
 1.95
 2.3199999999999998
 2.52
 2.7799999999999998
 2.9399999999999999
 3
 2.46
 2.3900000000000001
 2.29
 2.25
 2.1899999999999999
 2.2000000000000002
 2.2000000000000002
 2.1499999999999999
 2.1499999999999999
 2.2400000000000002
 2.23
 2.21
 2.1899999999999999
 2.1800000000000002
 2.1499999999999999
 2.1400000000000001
 2.1600000000000001
 2.1699999999999999
 2.2200000000000002
 3.4500000000000002
 4.2800000000000002
 4.3600000000000003
 4.4900000000000002
 4.9400000000000004
 5.1699999999999999
 5.4000000000000004
 5.6299999999999999
 5.7599999999999998
 6.0199999999999996
 5.3200000000000003
 3.7000000000000002
 3.7599999999999998
 3.79
 3.73
 3.73
 3.75
 3.7599999999999998
 3.77
 3.7000000000000002
 3.6899999999999999
 3.6899999999999999
 3.6899999999999999
 3.6800000000000002
 3.6699999999999999
 3.6600000000000001
 3.6299999999999999
 3.6200000000000001
 3.6200000000000001
 3.6299999999999999
 3.6899999999999999
 3.6600000000000001
 3.6099999999999999
 3.5899999999999999
 3.5800000000000001
 3.6800000000000002
 3.6600000000000001
 3.5800000000000001
 3.5899999999999999
 3.5899999999999999
 3.5699999999999998
 3.5600000000000001
 4.0899999999999999
 4.0999999999999996
 4.1299999999999999
 4.1299999999999999
 4.1299999999999999
 4.1900000000000004
 4.21
 4.2300000000000004
 4.2599999999999998
 4.29
 4.4000000000000004
 4.4400000000000004
 4.3499999999999996
 4.3700000000000001
 4.4100000000000001
 4.46
 4.5
 4.4699999999999998
 4.4699999999999998
 4.5199999999999996
 4.5899999999999999
 4.6799999999999997
 4.6699999999999999
 4.6699999999999999
 4.7199999999999998
 4.75
 4.8300000000000001
 4.7999999999999998
 4.7800000000000002
 4.8300000000000001
 4.8600000000000003
 4.9500000000000002
 4.9299999999999997
 4.8899999999999997
 4.9699999999999998
 5
 5
 4.8399999999999999
 4.46
 4.4900000000000002
 4.5099999999999998
 4.4900000000000002
 4.4900000000000002
 4.5
 4.5
 4.4900000000000002
 4.5099999999999998
 4.5199999999999996
 4.5199999999999996
 4.5099999999999998
 4.4800000000000004
 4.4699999999999998
 4.46
 4.4699999999999998
 4.4699999999999998
 4.4699999999999998
 4.5099999999999998
 4.5499999999999998
 4.4900000000000002
 4.4699999999999998
 4.5
 4.4900000000000002
 4.46
 4.4699999999999998
 4.4800000000000004
 4.4199999999999999
 4.4199999999999999
 4.4400000000000004
 4.4400000000000004
 4.4299999999999997
 4.4699999999999998
 4.4800000000000004
 4.4400000000000004
 4.4500000000000002
 4.4699999999999998
 4.4400000000000004
 4.4199999999999999
 4.46
 4.46
 4.4400000000000004
 4.46
 4.4800000000000004
 4.46
 4.4500000000000002
 4.4699999999999998
 4.4500000000000002
 4.4000000000000004
 4.4100000000000001
 4.4199999999999999
 4.4100000000000001
 4.4100000000000001
 4.4100000000000001
 4.3899999999999997
 4.3700000000000001
 4.4000000000000004
 4.4100000000000001
 4.3700000000000001
 4.3700000000000001
 4.3899999999999997
 4.3600000000000003
 4.3300000000000001
 4.3700000000000001
 4.3700000000000001
 4.3899999999999997
 4.3700000000000001
 4.3600000000000003
 4.4000000000000004
 4.4100000000000001
 4.4100000000000001
 4.4000000000000004
 4.3799999999999999
 4.3700000000000001
 4.3600000000000003
 4.3499999999999996
 4.3700000000000001
 4.4500000000000002
 4.4299999999999997
 4.3899999999999997
 4.4100000000000001
 4.4199999999999999
 4.4000000000000004
 4.4000000000000004
 4.4000000000000004
 4.3700000000000001
 4.3399999999999999
 4.3899999999999997
 4.3899999999999997
 4.3600000000000003
 4.3600000000000003
 4.3700000000000001
 4.3799999999999999
 4.3799999999999999
 4.4000000000000004
 4.3899999999999997
 4.3600000000000003
 4.3600000000000003
 4.3700000000000001
 4.3399999999999999
 4.3399999999999999
 4.3399999999999999
 4.3499999999999996
 4.3700000000000001
 4.3600000000000003
 4.3600000000000003
 4.3600000000000003
 4.3499999999999996
 4.3300000000000001
 4.3399999999999999
 4.3399999999999999
 4.3399999999999999
 4.3499999999999996
 4.3899999999999997
 4.3799999999999999
 4.3600000000000003
 4.3600000000000003
 4.3700000000000001
 2.5600000000000001
 2.6200000000000001
 3.6699999999999999
 3.6600000000000001
 3.6400000000000001
 3.6200000000000001
 3.6000000000000001
 3.5699999999999998
 3.5699999999999998
 3.54
 3.5299999999999998
 3.5
 2.79
 2.23
 1.22
 0.20000000000000001
 0.20000000000000001
 0.11
 0.070000000000000007
 0.070000000000000007
 0.080000000000000002
 0.080000000000000002
 0.080000000000000002
 0.070000000000000007
 0.070000000000000007
 0.080000000000000002
 0.080000000000000002
 0.080000000000000002
 0.080000000000000002
 0.080000000000000002
 0.080000000000000002
 0.080000000000000002
 0.080000000000000002
 0.080000000000000002
 0.070000000000000007
 0.070000000000000007
 0.080000000000000002
 0.080000000000000002
 0.080000000000000002
 0.080000000000000002
 0.080000000000000002
 0.080000000000000002
 0.080000000000000002
 0.080000000000000002
 0.080000000000000002
 0.080000000000000002
