 0.080000000000000002
 0.070000000000000007
 0.070000000000000007
 0.070000000000000007
 0.080000000000000002
 0.080000000000000002
 0.080000000000000002
 0.080000000000000002
 0.080000000000000002
 0.070000000000000007
 0.070000000000000007
 0.070000000000000007
 0.080000000000000002
 0.080000000000000002
 0.080000000000000002
 0.070000000000000007
 0.070000000000000007
 0.070000000000000007
 0.080000000000000002
 0.080000000000000002
 0.080000000000000002
 0.080000000000000002
 1.23
 1.2
 1.01
 1.01
 1
 1
 1
 1
 1
 1.1299999999999999
 1.4299999999999999
 1.28
 0.67000000000000004
 1.6899999999999999
 3.2000000000000002
 1.8700000000000001
 0.20000000000000001
 0.20000000000000001
 0.19
 0.19
 0.19
 0.19
 0.17999999999999999
 0.17999999999999999
 0.17999999999999999
 0.17999999999999999
 0.13
 0.089999999999999997
 0.089999999999999997
 0.089999999999999997
 0.089999999999999997
 0.20000000000000001
 0.34999999999999998
 0.29999999999999999
 0.20999999999999999
 0.35999999999999999
 0.71999999999999997
 0.72999999999999998
 0.76000000000000001
 0.76000000000000001
 0.77000000000000002
 0.77000000000000002
 0.63
 1
 2.5699999999999998
 2.3799999999999999
 0.66000000000000003
 0.68999999999999995
 0.87
 0.87
 0.88
 0.88
 0.78000000000000003
 0.80000000000000004
 1.1100000000000001
 1.0900000000000001
 0.93000000000000005
 0.93000000000000005
 0.26000000000000001
 0.38
 1.97
 1.75
 0.87
 0.87
 0.83999999999999997
 0.89000000000000001
 1.0900000000000001
 1.0800000000000001
 1.0800000000000001
 1.02
 0.76000000000000001
 0.81000000000000005
 1.01
 0.93000000000000005
 0.17999999999999999
 1.1299999999999999
 3.02
 2.3799999999999999
 1.5800000000000001
 1.25
 0.73999999999999999
 0.94999999999999996
 1.1599999999999999
 1.03
 0.87
 0.93000000000000005
 1.01
 1.0600000000000001
 1.1000000000000001
 0.72999999999999998
 0.17999999999999999
 1.45
 2.2999999999999998
 1.6000000000000001
 1.3999999999999999
 1.1100000000000001
 1.03
 1.0900000000000001
 1.1100000000000001
 1.3200000000000001
 1.3400000000000001
 0.95999999999999996
 1
 1.3500000000000001
 1.3500000000000001
 0.28999999999999998
 0.17000000000000001
 0.23000000000000001
 0.23999999999999999
 1.27
 1.28
 1.3100000000000001
 1.3
 1.27
 1.3
 1.3500000000000001
 1.6000000000000001
 1.76
 1.47
 1.3500000000000001
 1.3500000000000001
 0.88
 0.19
 1.8100000000000001
 2.8900000000000001
 1.8999999999999999
 1.6100000000000001
 1.6899999999999999
 1.73
 2.0600000000000001
 1.96
 1.78
 1.9099999999999999
 2.02
 1.8100000000000001
 1.72
 1.72
 0.41999999999999998
 0.28000000000000003
 0.28000000000000003
 0.28999999999999998
 1.5800000000000001
 1.7
 1.97
 1.9299999999999999
 1.8899999999999999
 1.9399999999999999
 1.98
 2.1499999999999999
 2.1400000000000001
 1.8700000000000001
 1.97
 2.1499999999999999
 1.9299999999999999
 0.17000000000000001
 1.46
 3.4100000000000001
 2.9399999999999999
 2.6299999999999999
 1.9099999999999999
 1.8200000000000001
 2.5699999999999998
 2.4700000000000002
 2.25
 2.1499999999999999
 2.0699999999999998
 2.52
 2.6499999999999999
 2.6499999999999999
 0.26000000000000001
 0.26000000000000001
 0.35999999999999999
 0.96999999999999997
 3.0899999999999999
 2.7999999999999998
 2.4399999999999999
 2.54
 2.5899999999999999
 2.2799999999999998
 2.29
 2.5699999999999998
 2.5899999999999999
 2.6299999999999999
 2.54
 2.48
 2.52
 2.5099999999999998
 2.3199999999999998
 2.3100000000000001
 2.2799999999999998
 2.3599999999999999
 2.4199999999999999
 1.51
 0.14000000000000001
 2.7599999999999998
 3.8799999999999999
 3.0600000000000001
 2.8700000000000001
 2.4700000000000002
 2.4399999999999999
 2.3900000000000001
 2.3599999999999999
 2.3399999999999999
 2.5
 2.5
 2.3500000000000001
 2.3399999999999999
 2.3199999999999998
 2.3199999999999998
 0.14000000000000001
 1.0700000000000001
 3.25
 2.9100000000000001
 2.5800000000000001
 2.4700000000000002
 2.4199999999999999
 2.7000000000000002
 2.6800000000000002
 2.6200000000000001
 2.52
 2.3799999999999999
 2.5
 2.5600000000000001
 1.3600000000000001
 0.14999999999999999
 0.14999999999999999
 0.14999999999999999
 1.0900000000000001
 2.04
 2.3599999999999999
 2.4500000000000002
 2.6400000000000001
 2.5800000000000001
 2.3599999999999999
 2.4300000000000002
 2.52
 2.54
 2.54
 2.4700000000000002
 2.46
 0.66000000000000003
 0.14000000000000001
 2.3100000000000001
 2.3999999999999999
 2.77
 2.46
 2.0600000000000001
 2.6899999999999999
 3
 2.6000000000000001
 2.54
 2.3599999999999999
 2.4199999999999999
 2.52
 2.27
 2.1099999999999999
 1.52
 0.14000000000000001
 1.8999999999999999
 3.3100000000000001
 2.79
 2.6400000000000001
 2.6699999999999999
 2.5800000000000001
 2.27
 2.4100000000000001
 2.5499999999999998
 2.4100000000000001
 2.3500000000000001
 3.04
 3.1200000000000001
 3.1200000000000001
 1.6399999999999999
 0.17000000000000001
 3.0600000000000001
 3.8799999999999999
 2.7000000000000002
 2.6600000000000001
 2.52
 2.3900000000000001
 2.21
 2.0099999999999998
 1.9099999999999999
 2.3399999999999999
 2.3799999999999999
 2.2999999999999998
 2.23
 2.1299999999999999
 1.9299999999999999
 0.14000000000000001
 1.1299999999999999
 3.4500000000000002
 2.7200000000000002
 2.1400000000000001
 3.0299999999999998
 3.2799999999999998
 2.1499999999999999
 2.3399999999999999
 3
 2.5800000000000001
 2.1499999999999999
 2.3599999999999999
 2.4399999999999999
 1.3
 0.14999999999999999
 0.14999999999999999
 0.14000000000000001
 1.49
 2.5600000000000001
 2.4900000000000002
 2.4700000000000002
 2.2400000000000002
 2.4300000000000002
 2.8700000000000001
 2.5
 2.1299999999999999
 2.3900000000000001
 2.5
 2.1800000000000002
 2.1800000000000002
 0.58999999999999997
 0.14000000000000001
 2.6600000000000001
 2.5800000000000001
 2.29
 2.52
 2.75
 1.8600000000000001
 0.96999999999999997
 2.25
 2.79
 2.6600000000000001
 2.7200000000000002
 2.9300000000000002
 2.73
 2.4300000000000002
 2.3799999999999999
 2.3599999999999999
 2.54
 2.54
 2.3599999999999999
 2.21
 0.98999999999999999
 1.0800000000000001
 1.3
 1.8600000000000001
 2.4199999999999999
 2.3799999999999999
 2.3599999999999999
 2.6299999999999999
 2.5699999999999998
 2.3399999999999999
 2.46
 2.6000000000000001
 2.52
 2.4900000000000002
 2.6000000000000001
 2.6099999999999999
 1.1299999999999999
 1.3400000000000001
 2.8199999999999998
 2.4500000000000002
 0.96999999999999997
 1.4099999999999999
 2.0800000000000001
 2.2799999999999998
 2.3799999999999999
 2.2999999999999998
 2.2999999999999998
 2.3700000000000001
 2.2799999999999998
 2.0899999999999999
 2.1400000000000001
 2.1699999999999999
 2.23
 2.2400000000000002
 2.3199999999999998
 2.3199999999999998
 2.3199999999999998
 2.4100000000000001
 2.5
 2.6299999999999999
 2.6600000000000001
 1.54
 1.3999999999999999
 1.3999999999999999
 1.3999999999999999
 1.4199999999999999
 1.47
 1.6799999999999999
 1.75
 1.8300000000000001
 1.6899999999999999
 1.5900000000000001
 1.3500000000000001
 1.28
 1.29
 1.29
 1.47
 1.4399999999999999
 1.26
 1.29
 1.3600000000000001
 1.3200000000000001
 1.25
 1.3200000000000001
 1.3899999999999999
 1.3
 1.26
 1.3
 1.3100000000000001
 1.3400000000000001
 1.3400000000000001
 0.91000000000000003
 0.80000000000000004
 1.3300000000000001
 1.3300000000000001
 1.28
 1.28
 1.27
 1.29
 1.3300000000000001
 1.3400000000000001
 1.3500000000000001
 1.3100000000000001
 1.28
 1.26
 1.26
 1.3100000000000001
 1.3200000000000001
 1.3300000000000001
 1.3300000000000001
 1.27
 1.26
 1.24
 1.26
 1.29
 1.3100000000000001
 1.3300000000000001
 1.3
 1.28
 1.26
 1.25
 1.29
 1.29
 1.3200000000000001
 1.3100000000000001
 1.27
 1.26
 1.24
 1.26
 1.3
 2.5600000000000001
 3.4100000000000001
 1.95
 1.53
 1.5
 1.49
 1.51
 1.51
 1.53
 1.52
 1.47
 1.5
 1.55
 1.52
 1.48
 1.5
 1.51
 1.51
 1.51
 1.47
 1.47
 1.01
 0.97999999999999998
 1.22
 1.24
 1.3
 1.6399999999999999
 2.1600000000000001
 2.1099999999999999
 2.0800000000000001
 2.5699999999999998
 2.5699999999999998
 2.0800000000000001
 2.02
 1.8999999999999999
 1.8999999999999999
 1.8899999999999999
 1.8899999999999999
 1.8899999999999999
 1.8100000000000001
 1.8
 1.8400000000000001
 1.8400000000000001
 1.8600000000000001
 1.8799999999999999
 1.8999999999999999
 1.9099999999999999
 1.9099999999999999
 1.7
 1.6100000000000001
 2.3799999999999999
 2.48
 2.54
 2.5699999999999998
 2.6299999999999999
 2.7400000000000002
 2.8100000000000001
 2.8700000000000001
 2.8100000000000001
 2.1899999999999999
 2.21
 2.2599999999999998
 2.2000000000000002
 2.1499999999999999
 2.1899999999999999
 2.2000000000000002
 2.2000000000000002
 2.2200000000000002
 2.29
 2.2200000000000002
 2.1600000000000001
 2.1600000000000001
 2.1600000000000001
 2.1400000000000001
 2.1600000000000001
 2.23
 2.2200000000000002
 2.2000000000000002
 2.2400000000000002
 2.2599999999999998
 3.8599999999999999
 3.8999999999999999
 4.04
 4.2000000000000002
 4.3300000000000001
 4.8200000000000003
 4.9500000000000002
 4.9400000000000004
 5.0499999999999998
 5.1900000000000004
 5.3899999999999997
 5.4800000000000004
 5.6699999999999999
 5.3399999999999999
 4.1699999999999999
 3.9300000000000002
 3.77
 3.7799999999999998
 3.7999999999999998
 3.8799999999999999
 3.8500000000000001
 3.8100000000000001
 3.7400000000000002
 3.71
 3.8100000000000001
 3.79
 3.71
 3.7400000000000002
 3.77
 3.7200000000000002
 3.7000000000000002
 3.6800000000000002
 3.7000000000000002
 3.7400000000000002
 3.6899999999999999
 3.6600000000000001
 3.75
 3.7400000000000002
 3.6299999999999999
 3.6600000000000001
 3.71
 3.6899999999999999
 3.6800000000000002
 3.6600000000000001
 3.6499999999999999
 3.6299999999999999
 3.6099999999999999
 3.6000000000000001
 3.5600000000000001
 3.5299999999999998
 2.3500000000000001
 2.25
 2.6600000000000001
 2.4100000000000001
 1.53
 1.4199999999999999
 1.03
 1.03
 1.03
 1.1000000000000001
 1.21
 1.0900000000000001
 0.94999999999999996
 1.1200000000000001
 1.26
 0.70999999999999996
 0.16
 0.17999999999999999
 0.20000000000000001
 0.69999999999999996
 1.21
 1.1200000000000001
 1.0600000000000001
 1.3600000000000001
 1.49
 1.1799999999999999
 1.05
 1.24
 1.29
 1.3300000000000001
 1.3300000000000001
 0.28999999999999998
 0.17000000000000001
 0.16
 0.16
 0.98999999999999999
 1.2
 1.6399999999999999
 1.5900000000000001
 1.21
 1.22
 1.25
 1.3899999999999999
 1.6599999999999999
 1.4099999999999999
 1.1599999999999999
 1.04
 0.53000000000000003
 0.53000000000000003
 0.16
 0.29999999999999999
 1.3700000000000001
 1.3899999999999999
 1.46
 1.5900000000000001
 1.72
 1.6000000000000001
 1.51
 1.73
 1.75
 1.6000000000000001
 1.6699999999999999
 1.9199999999999999
 1.9199999999999999
 0.16
 0.93999999999999995
 2.7599999999999998
 2.29
 1.5900000000000001
 1.55
 1.5
 1.55
 1.5700000000000001
 1.6100000000000001
 1.6200000000000001
 2.0800000000000001
 2.02
 1.49
 1.49
 0.17000000000000001
 0.17000000000000001
 0.16
 0.16
 1.8899999999999999
 1.9199999999999999
 2.0099999999999998
 2.0499999999999998
 2.0899999999999999
 2.04
 2
 2.04
 2.04
 1.8999999999999999
 1.99
 2.1899999999999999
 1.98
 0.16
 1.1100000000000001
 3
 2.3599999999999999
 1.9299999999999999
 1.8799999999999999
 1.8600000000000001
 2.3199999999999998
 2.3599999999999999
 2.3100000000000001
 2.3500000000000001
 2.4100000000000001
 2.1699999999999999
 2.0099999999999998
 1.51
 1.3700000000000001
 0.75
 0.14000000000000001
 2.0499999999999998
 2.8700000000000001
 2.3599999999999999
 2.29
 2.21
 2.3599999999999999
 2.5899999999999999
 2.5600000000000001
 2.5499999999999998
 2.1600000000000001
 2.1699999999999999
 2.6899999999999999
 2.6899999999999999
 0.20000000000000001
 0.20000000000000001
 0.20999999999999999
 0.64000000000000001
 2.3999999999999999
 2.5899999999999999
 2.8700000000000001
 2.3100000000000001
 2.0299999999999998
 2.5299999999999998
 2.52
 1.8899999999999999
 2.1800000000000002
 2.77
 2.3900000000000001
 2.1299999999999999
 1.53
 0.14000000000000001
 1.49
 2.8399999999999999
 2.6299999999999999
 2.5600000000000001
 2.7799999999999998
 2.6899999999999999
 2.2999999999999998
 2.3100000000000001
 2.3199999999999998
 2.46
 2.5
 2.3900000000000001
 2.46
 2.6899999999999999
 2.6899999999999999
 0.14000000000000001
 1.22
 3.73
 3.3199999999999998
 2.9900000000000002
 2.5099999999999998
 2.3700000000000001
 2.98
 2.8700000000000001
 2.48
 2.5
 2.5099999999999998
 2.3799999999999999
 2.3300000000000001
 2.3300000000000001
 1.0600000000000001
 0.20999999999999999
 1.52
 1.8400000000000001
 2.0299999999999998
 2.1699999999999999
 2.6499999999999999
 2.5899999999999999
 2.5
 2.4399999999999999
 2.3900000000000001
 2.75
 2.7799999999999998
 2.6800000000000002
 2.7400000000000002
 2.8799999999999999
 2.8799999999999999
 0.14000000000000001
 1.1699999999999999
 3.5899999999999999
 2.6499999999999999
 1.25
 2.1600000000000001
 2.6099999999999999
 2.6699999999999999
 2.6499999999999999
 2.4700000000000002
 2.5600000000000001
 2.7400000000000002
 2.5099999999999998
 2.3599999999999999
 2.4199999999999999
 2.4300000000000002
 2.3900000000000001
 2.25
 0.96999999999999997
 1.54
 2.8700000000000001
 2.5099999999999998
 2.1499999999999999
 2.3500000000000001
 2.3999999999999999
 2.4199999999999999
 2.3700000000000001
 2.21
 2.1699999999999999
 2.1000000000000001
 2.21
 2.2599999999999998
 2.0600000000000001
 2.0299999999999998
 1.0800000000000001
 1.2
 2.1200000000000001
 2.0699999999999998
 1.98
 2.3100000000000001
 2.4700000000000002
 2.4300000000000002
 2.4199999999999999
 2.4100000000000001
 2.2599999999999998
 1.98
 2.1600000000000001
 2.2799999999999998
 2.8399999999999999
 2.9700000000000002
 1.8400000000000001
 1.9299999999999999
 2.1600000000000001
 2.0899999999999999
 2.02
 2.5600000000000001
 2.7999999999999998
 2.5499999999999998
 2.4500000000000002
 2.0600000000000001
 1.8600000000000001
 1.4399999999999999
 1.3700000000000001
 1.28
 1.3200000000000001
 1.3600000000000001
 1.52
 1.5900000000000001
 1.6000000000000001
 1.6100000000000001
 1.3
 1.3200000000000001
 1.52
 1.48
 1.3600000000000001
 1.3899999999999999
 1.46
 1.3899999999999999
 1.3200000000000001
 1.3999999999999999
 1.46
 1.4199999999999999
 1.4099999999999999
 1.3300000000000001
 1.3200000000000001
 1.3
 1.3100000000000001
 1.3600000000000001
 1.3600000000000001
 1.3600000000000001
 1.3400000000000001
 1.3
 1.29
 1.29
 1.3300000000000001
 1.3500000000000001
 1.3500000000000001
 1.3600000000000001
 1.3
 1.3
 1.27
 1.28
 1.3300000000000001
 1.3300000000000001
 1.3500000000000001
 1.3300000000000001
 1.29
 1.28
 1.27
 1.3100000000000001
 1.3300000000000001
 1.3500000000000001
 1.3600000000000001
 1.3100000000000001
 1.3100000000000001
 1.29
 1.3
 1.3500000000000001
 1.3500000000000001
 1.3700000000000001
 1.3400000000000001
 1.3100000000000001
 1.3
 1.29
 2.73
 3.0800000000000001
 1.78
 1.6200000000000001
 1.45
 1.46
 1.52
 1.51
 1.49
 1.49
 1.48
 1.51
 1.53
 1.47
 1.45
 1.51
 1.52
 1.46
 1.47
 1.48
 1.4299999999999999
 0.96999999999999997
 1.03
 1.26
 1.28
 1.3200000000000001
 2.0299999999999998
 2.4900000000000002
 2.8199999999999998
 2.96
 3.5
 3.0800000000000001
 2.1000000000000001
 1.99
 1.9099999999999999
 1.98
 2
 1.8799999999999999
 1.8899999999999999
 2
 1.96
 1.8899999999999999
 1.95
 2
 1.97
 1.96
 1.9099999999999999
 1.8999999999999999
 1.8799999999999999
 1.6799999999999999
 0.88
 2.0600000000000001
 3.54
 3.4900000000000002
 3.46
 3.46
 3.1000000000000001
 0.17000000000000001
 0.54000000000000004
 1.4099999999999999
 1.5800000000000001
 1.76
 1.5700000000000001
 1.45
 1.3899999999999999
 1.3700000000000001
 1.3200000000000001
 1.3100000000000001
 1.21
 1.21
 0.85999999999999999
 0.32000000000000001
 0.29999999999999999
 0.14000000000000001
 0.78000000000000003
 1.73
 1.54
 1.3400000000000001
 1.3700000000000001
 1.3899999999999999
 1.29
 1.26
 1.6299999999999999
 1.6699999999999999
 1.3400000000000001
 1.3400000000000001
 1.1299999999999999
 0.27000000000000002
 0.26000000000000001
 0.23000000000000001
 0.5
 1.4399999999999999
 1.51
 1.6100000000000001
 1.52
 1.4399999999999999
 1.47
 1.49
 1.8
 1.8400000000000001
 1.24
 1.1699999999999999
 1.1699999999999999
 0.62
 0.17999999999999999
 2.6099999999999999
 3.2200000000000002
 1.72
 1.53
 1.3
 1.53
 2.0600000000000001
 1.8200000000000001
 1.45
 1.75
 1.8999999999999999
 1.52
 1.4299999999999999
 1.4299999999999999
 1.1499999999999999
 0.16
 1.6200000000000001
 3.0800000000000001
 2.25
 1.7
 2
 2.0099999999999998
 1.8
 1.99
 2.4500000000000002
 2.1000000000000001
 1.6699999999999999
 2.1000000000000001
 2.3100000000000001
 1.02
 0.16
 0.16
 0.17000000000000001
 1.45
 2.2999999999999998
 2.0600000000000001
 2.0600000000000001
 2.3100000000000001
 2.2000000000000002
 2
 1.9299999999999999
 1.8400000000000001
 2.1200000000000001
 2.2400000000000002
 2.2599999999999998
 2.2599999999999998
 0.63
 0.16
 2.9900000000000002
 2.8500000000000001
 2.29
 2.5
 2.7599999999999998
 2.46
 2.2999999999999998
 2.6600000000000001
 2.6600000000000001
 2.3999999999999999
 2.3199999999999998
 2.2000000000000002
 2.4399999999999999
 2.6000000000000001
 1.6200000000000001
 0.14000000000000001
 2.3300000000000001
 3.4199999999999999
 2.2400000000000002
 2.1800000000000002
 2.73
 2.4900000000000002
 2.02
 2.3999999999999999
 2.6499999999999999
 2.5899999999999999
 2.5800000000000001
 2.2599999999999998
 2.2599999999999998
 2.2599999999999998
 2.2599999999999998
 0.56000000000000005
 0.14000000000000001
 2.5099999999999998
 2.52
 2.5699999999999998
 2.6000000000000001
 2.6200000000000001
 2.5299999999999998
 2.4900000000000002
 2.5899999999999999
 2.6099999999999999
 2.7000000000000002
 2.6600000000000001
 2.6099999999999999
 2.0600000000000001
 0.14000000000000001
 0.56000000000000005
 1.4099999999999999
 2.1000000000000001
 2.5600000000000001
 2.96
 3.02
 2.6000000000000001
 2.5800000000000001
 2.5099999999999998
 2.6600000000000001
 2.8199999999999998
 2.52
 2.4300000000000002
 2.8700000000000001
 2.8700000000000001
 0.68000000000000005
 0.14000000000000001
 3.7200000000000002
 3.3900000000000001
 2.6099999999999999
 2.48
 2.3399999999999999
 2.48
 2.5499999999999998
 1.5900000000000001
 1.5
 1.8100000000000001
 2.23
 3.0600000000000001
 2.8500000000000001
 2.6699999999999999
 2.4900000000000002
 2.4399999999999999
 2.6600000000000001
 2.6099999999999999
 2.52
 2.5699999999999998
 2.6200000000000001
 2.2799999999999998
 2.1400000000000001
 1.23
 0.96999999999999997
 2.3999999999999999
 2.4100000000000001
 2.4700000000000002
 2.6600000000000001
 2.8999999999999999
 2.3500000000000001
 2.1099999999999999
 2.3999999999999999
 2.4500000000000002
 2.5899999999999999
 2.46
 2.2599999999999998
 2.3799999999999999
 2.4500000000000002
 1.47
 0.97999999999999998
 0.97999999999999998
 0.97999999999999998
 1.8799999999999999
 2.0499999999999998
 2.6000000000000001
 2.52
 2.3500000000000001
 2.2999999999999998
 2.2599999999999998
 2.5299999999999998
 2.6200000000000001
 2.7599999999999998
 2.6499999999999999
 2.3900000000000001
 2.3599999999999999
 2.3300000000000001
 2.8799999999999999
 3.04
 2.71
 2.5800000000000001
 1.49
 1.47
 1.4099999999999999
 1.4399999999999999
 1.48
 1.4199999999999999
 1.3700000000000001
 1.3200000000000001
 1.3
 1.5700000000000001
 1.6399999999999999
 2.52
 2.5
 2.4500000000000002
 2.1200000000000001
 1.71
 1.4399999999999999
 1.1599999999999999
 1.8999999999999999
 2.2200000000000002
 1.53
 1.4399999999999999
 1.6000000000000001
 1.5600000000000001
 1.22
 1.51
 2.0800000000000001
 1.6799999999999999
 1.28
 1.29
 1.29
 1.04
 0.87
 1.47
 1.6399999999999999
 1.4399999999999999
 1.4099999999999999
 1.25
 1.26
 1.3600000000000001
 1.4099999999999999
 1.53
 1.47
 1.3899999999999999
 1.3200000000000001
 1.25
 1.3100000000000001
 1.3400000000000001
 1.48
 1.52
 1.3899999999999999
 1.3799999999999999
 1.24
 1.25
 1.3300000000000001
 1.3799999999999999
 1.5
 1.45
 1.3700000000000001
 1.29
 1.23
 1.3100000000000001
 1.3400000000000001
 1.48
 1.51
 1.3899999999999999
 1.3600000000000001
 1.23
 1.25
 1.3500000000000001
 2.6099999999999999
 3.8799999999999999
 2.6099999999999999
 1.97
 1.6599999999999999
 1.5900000000000001
 1.76
 1.73
 1.5600000000000001
 1.6299999999999999
 1.73
 1.6699999999999999
 1.6100000000000001
 1.6299999999999999
 1.6399999999999999
 1.5900000000000001
 1.5800000000000001
 1.73
 1.72
 1.5700000000000001
 1.5
 0.96999999999999997
 1.05
 1.23
 1.26
 1.3
 1.96
 2.2799999999999998
 2.1800000000000002
 2.2799999999999998
 3.2200000000000002
 3.1600000000000001
 3.0499999999999998
 2.6200000000000001
 2.27
 2.27
 2.2599999999999998
 2.2599999999999998
 2.2599999999999998
 2.25
 2.23
 2.2200000000000002
 2.2400000000000002
 2.25
 2.1899999999999999
 2.21
 2.25
 2.23
 2.2000000000000002
 2.2400000000000002
 2.25
 2.2200000000000002
 2.21
 2.2200000000000002
 2.2200000000000002
 2.2200000000000002
 2.04
 1.9299999999999999
 2.5899999999999999
 2.8500000000000001
 3.6699999999999999
 3.7200000000000002
 3.7999999999999998
 3.7400000000000002
 3.7000000000000002
 2.4500000000000002
 2.3199999999999998
 2.54
 2.5099999999999998
 2.4500000000000002
 2.4199999999999999
 2.4100000000000001
 2.3300000000000001
 2.3100000000000001
 2.46
 2.4500000000000002
 2.4500000000000002
 2.4399999999999999
 2.4300000000000002
 2.3599999999999999
 2.3300000000000001
 2.3399999999999999
 2.3900000000000001
 2.5899999999999999
 3.6299999999999999
 4.6699999999999999
 5.3700000000000001
 5.4800000000000004
 5.6900000000000004
 6.0300000000000002
 6.46
 6.8700000000000001
 6.9199999999999999
 6.3099999999999996
 5.6399999999999997
 4.7999999999999998
 5.1100000000000003
 5.25
 4.9500000000000002
 4.9100000000000001
 4.7699999999999996
 4.6399999999999997
 4.5499999999999998
 4.5
 4.4699999999999998
 4.3899999999999997
 4.3300000000000001
 4.2400000000000002
 4.1900000000000004
 4.1600000000000001
 4.1900000000000004
 4.1100000000000003
 3.9500000000000002
 3.9700000000000002
 3.9900000000000002
 3.9300000000000002
 3.9100000000000001
 3.8300000000000001
 3.8900000000000001
 3.9700000000000002
 3.8900000000000001
 3.8500000000000001
 3.8100000000000001
 3.9100000000000001
 4.2300000000000004
 4.3899999999999997
 4.5199999999999996
 4.7199999999999998
 4.7800000000000002
 4.8899999999999997
 4.8799999999999999
 4.8499999999999996
 4.8200000000000003
 4.7999999999999998
 4.9699999999999998
 5.0099999999999998
 5.0499999999999998
 5.1299999999999999
 5.1799999999999997
 5.2599999999999998
 5.2800000000000002
 5.2699999999999996
 5.3799999999999999
 5.4900000000000002
 5.4299999999999997
 5.4199999999999999
 5.5499999999999998
 5.5899999999999999
 5.6399999999999997
 5.7000000000000002
 5.71
 5.8499999999999996
 5.9000000000000004
 5.9900000000000002
 6.0300000000000002
 6.0499999999999998
 6.1799999999999997
 6.1799999999999997
 6.1900000000000004
 6.2699999999999996
 6.3099999999999996
 6.2699999999999996
 6.0800000000000001
 5.46
 5.5199999999999996
 5.5499999999999998
 5.5
 5.4900000000000002
 5.5300000000000002
 5.54
 5.5499999999999998
 5.5199999999999996
 5.5
 5.4699999999999998
 5.5099999999999998
 5.5599999999999996
 5.54
 5.5199999999999996
 5.4400000000000004
 5.4199999999999999
 5.3799999999999999
 5.46
 5.5199999999999996
 5.54
 5.5199999999999996
 5.4500000000000002
 5.4500000000000002
 5.4500000000000002
 5.4000000000000004
 5.3799999999999999
 5.3899999999999997
 5.3700000000000001
 5.3499999999999996
 5.3899999999999997
 5.4100000000000001
 5.4500000000000002
 5.4299999999999997
 5.3600000000000003
 5.3399999999999999
 5.3300000000000001
 5.3600000000000003
 5.3700000000000001
 5.4000000000000004
 5.3600000000000003
 5.3099999999999996
 5.2999999999999998
 5.2999999999999998
 5.3499999999999996
 5.3300000000000001
 5.2999999999999998
 5.2999999999999998
 5.2999999999999998
 5.3099999999999996
 5.3099999999999996
 5.3200000000000003
 5.2300000000000004
 5.1900000000000004
 5.2400000000000002
 5.2599999999999998
 5.29
 5.2599999999999998
 5.2400000000000002
 5.2400000000000002
 5.2300000000000004
 5.1600000000000001
 5.1900000000000004
 5.2300000000000004
 5.1900000000000004
 5.1799999999999997
 5.2599999999999998
 5.2599999999999998
 5.25
 5.2599999999999998
 5.2699999999999996
 5.1799999999999997
 5.1600000000000001
 5.1500000000000004
 5.1600000000000001
 5.1699999999999999
 5.1799999999999997
 5.1900000000000004
 5.2300000000000004
 5.2199999999999998
 5.2000000000000002
 5.1500000000000004
 5.1299999999999999
 5.1500000000000004
 5.1500000000000004
 5.1399999999999997
 5.2000000000000002
 5.2300000000000004
 5.1799999999999997
 5.1900000000000004
 5.2300000000000004
 5.1799999999999997
 5.1500000000000004
 5.1699999999999999
 5.1799999999999997
 5.2000000000000002
 5.21
 5.21
 5.1699999999999999
 5.1500000000000004
 5.1299999999999999
 5.1500000000000004
 5.1799999999999997
 5.1699999999999999
 5.1699999999999999
 5.1600000000000001
 5.1699999999999999
 5.1900000000000004
 5.1699999999999999
 5.1600000000000001
 5.1799999999999997
 5.1799999999999997
 5.1600000000000001
 5.2000000000000002
 5.2400000000000002
 5.1799999999999997
 5.1600000000000001
 5.1900000000000004
 5.1600000000000001
 5.1200000000000001
 5.1500000000000004
 5.1699999999999999
 5.2000000000000002
 5.1900000000000004
 5.1699999999999999
 5.1900000000000004
 5.2000000000000002
 5.0499999999999998
 5.0499999999999998
 5.1100000000000003
 5.1100000000000003
 5.1100000000000003
 5.1799999999999997
 5.1900000000000004
 5.1500000000000004
 5.1600000000000001
 5.1699999999999999
 5.1299999999999999
 5.1100000000000003
 5.0800000000000001
 5.0899999999999999
 5.0999999999999996
 5.1600000000000001
 5.2000000000000002
 5.1799999999999997
 5.1699999999999999
 5.1399999999999997
 5.0899999999999999
 5.04
 5.1100000000000003
 5.1200000000000001
 5.0800000000000001
 5.0800000000000001
 5.0800000000000001
 5.0999999999999996
 5.1100000000000003
 5.1900000000000004
 5.1600000000000001
 5.0800000000000001
 5.0499999999999998
 5.04
 5.0700000000000003
 5.0800000000000001
 5.1200000000000001
 5.1399999999999997
 5.1500000000000004
 5.1100000000000003
 5.0999999999999996
 5.1200000000000001
 5.0999999999999996
 5.0700000000000003
 5.0599999999999996
 5.0599999999999996
 5.1200000000000001
 5.1100000000000003
 5.0899999999999999
 5.0999999999999996
 5.1100000000000003
 5.0700000000000003
 5.0899999999999999
 5.1600000000000001
 5.1299999999999999
 5.0999999999999996
 5.0099999999999998
 5
 5.04
 5.0599999999999996
 5.0800000000000001
 5.0999999999999996
 5.0999999999999996
 5.0700000000000003
 5.0800000000000001
 5.0899999999999999
 5.0700000000000003
 5.0700000000000003
 5.0800000000000001
 5.0599999999999996
 5
 5.04
 5.0800000000000001
 5.1699999999999999
 5.1699999999999999
 5.0700000000000003
 5.0499999999999998
 5.04
 5
 4.9900000000000002
 5.0499999999999998
 5.0599999999999996
 5.0700000000000003
 5.0499999999999998
 5.04
 5.0599999999999996
 5.0499999999999998
 5.0199999999999996
 5.0199999999999996
 5.0300000000000002
 4.9900000000000002
 4.9900000000000002
 5.0300000000000002
 5.0499999999999998
 5.0700000000000003
 5.0700000000000003
 5.0599999999999996
 5.0099999999999998
 5.0199999999999996
 5.0300000000000002
 5.0099999999999998
 5
 5.0599999999999996
 5.0700000000000003
 5.0800000000000001
 5.0599999999999996
 5.0499999999999998
 5.0499999999999998
 5.0499999999999998
 5.04
 5.04
 5.0300000000000002
 5.0300000000000002
 5.0300000000000002
 5
 5.0300000000000002
 5.0599999999999996
 5.0899999999999999
 5.0999999999999996
 5.0599999999999996
 5.0599999999999996
 5.04
 5.04
 5.04
 5.04
 5.0300000000000002
 4.9800000000000004
 5.0300000000000002
 5.0800000000000001
 5.0599999999999996
 5.0599999999999996
 5.04
 5.0300000000000002
 5.0099999999999998
 5.0099999999999998
 5.0099999999999998
 4.9699999999999998
 4.9800000000000004
 5.0199999999999996
 5.04
 5.0499999999999998
 5.0499999999999998
 5.04
 4.9800000000000004
 4.9900000000000002
 5
 4.9699999999999998
 4.9800000000000004
 5.0899999999999999
 4.46
 3.8300000000000001
 3.8300000000000001
 3.8100000000000001
 3.6400000000000001
 3.6299999999999999
 3.6099999999999999
 3.6000000000000001
 3.5899999999999999
 3.5699999999999998
 3.5600000000000001
 3.54
 3.5299999999999998
 3.4900000000000002
 3.46
 3.4300000000000002
 3.4300000000000002
 2.71
 0.19
 0.19
 0.14999999999999999
 0.080000000000000002
 0.080000000000000002
 0.080000000000000002
 0.080000000000000002
 0.080000000000000002
 0.080000000000000002
 0.070000000000000007
 0.070000000000000007
 0.070000000000000007
 0.070000000000000007
 0.070000000000000007
 0.080000000000000002
 0.080000000000000002
 0.080000000000000002
 0.070000000000000007
 0.070000000000000007
 0.080000000000000002
 0.080000000000000002
 0.080000000000000002
 0.080000000000000002
 0.080000000000000002
